0.004 46112.1
0.0049 38939.3
0.0058 33632.8
0.0067 29506.5
0.0076 26198
0.0085 23462.5
0.0094 21166.1
0.0103 19197.4
0.0112 17485.9
0.0121 15986.6
0.013 14657.8
0.0139 13473.1
0.0148 12403.7
0.0157 11434.8
0.0166 10551.9
0.0175 9740.73
0.0184 8996.88
0.0193 8309.74
0.0202 7672.63
0.0211 7082.04
0.022 6528.81
0.0229 6011.07
0.0238 5523.45
0.0247 5066.62
0.0256 4636
0.0265 4229.22
0.0274 3845.64
0.0283 3480.5
0.0292 3133.7
0.0301 2803.79
0.031 2488.46
0.0319 2188.69
0.0328 1902.31
0.0337 1628.39
0.0346 1366.67
0.0355 1115.07
0.0364 873.599
0.0373 641.299
0.0382 418.294
0.0391 203.643
