0.005 0 0
0.00501 1697.24 0
0.00502128 3605.11 0
0.00503315 5604.78 0
0.00504548 7674.4 0
0.0050582 9802.43 0
0.00507129 11981.3 0
0.00508471 12381.1 1
0.00509843 12428.7 1
0.00511245 12477.7 1
0.00512674 12527.8 1
0.00514129 12579.1 1
0.0051561 12631.4 1
0.00517115 12684.8 1
0.00518645 12739.3 1
0.00520197 12794.7 1
0.00521772 12851.2 1
0.00523369 12908.6 1
0.00524987 12966.9 1
0.00526626 13026.1 1
0.00528286 13086.3 1
0.00529966 13147.3 1
0.00531666 13209.1 1
0.00533386 13271.9 1
0.00535125 13335.5 1
0.00536882 13399.9 1
0.00538659 13465.1 1
0.00540454 13531.1 1
0.00542267 13597.9 1
0.00544098 13665.6 1
0.00545947 13734 1
0.00547813 13803.1 1
0.00549697 13873 1
0.00551598 13943.7 1
0.00553516 14015.2 1
0.00555451 14087.3 1
0.00557403 14160.2 1
0.00559371 14233.8 1
0.00561356 14308.2 1
0.00563356 14383.3 1
0.00565373 14459 1
0.00567406 14535.5 1
0.00569455 14612.7 1
0.0057152 14690.5 1
0.005736 14769.1 1
0.00575696 14848.3 1
0.00577807 14928.2 1
0.00579934 15008.8 1
0.00582076 15090.1 1
0.00584233 15172 1
0.00586405 15254.5 1
0.00588592 15337.8 1
0.00590794 15421.7 1
0.0059301 15506.2 1
0.00595242 15591.4 1
0.00597487 15677.2 1
0.00599748 15763.6 1
0.00602023 15850.7 1
0.00604312 15938.4 1
0.00606616 16026.8 1
0.00608934 16115.7 1
0.00611266 16205.3 1
0.00613612 16295.5 1
0.00615972 16386.4 1
0.00618346 16477.8 1
0.00620734 16569.8 1
0.00623136 16662.5 1
0.00625551 16755.7 1
0.00627981 16849.5 1
0.00630424 16944 1
0.00632881 17039 1
0.00635351 17134.6 1
0.00637835 17230.9 1
0.00640332 17327.7 1
0.00642842 17425 1
0.00645366 17523 1
0.00647904 17621.6 1
0.00650454 17720.7 1
0.00653018 17820.4 1
0.00655595 17920.6 1
0.00658185 18021.5 1
0.00660788 18122.9 1
0.00663404 18224.9 1
0.00666033 18327.4 1
0.00668675 18430.5 1
0.0067133 18534.2 1
0.00673998 18638.4 1
0.00676679 18743.1 1
0.00679372 18848.5 1
0.00682078 18954.3 1
0.00684797 19060.8 1
0.00687529 19167.7 1
0.00690273 19275.2 1
0.0069303 19383.3 1
0.00695799 19491.9 1
0.00698581 19601 1
0.00701375 19710.7 1
0.00704182 19820.9 1
0.00707001 19931.7 1
0.00709833 20043 1
0.00712676 20154.8 1
0.00715533 20267.1 1
0.00718401 20380 1
0.00721282 20493.4 1
0.00724175 20607.3 1
0.0072708 20721.8 1
0.00729998 20836.7 1
0.00732927 20952.2 1
0.00735869 21068.2 1
0.00738822 21184.8 1
0.00741788 21301.8 1
0.00744766 21419.4 1
0.00747756 21537.4 1
0.00750757 21656 1
0.00753771 21775.1 1
0.00756796 21894.7 1
0.00759834 22014.8 1
0.00762883 22135.4 1
0.00765944 22256.5 1
0.00769017 22378.1 1
0.00772102 22500.2 1
0.00775198 22622.8 1
0.00778306 22745.9 1
0.00781426 22869.6 1
0.00784558 22993.7 1
0.00787701 23118.3 1
0.00790856 23243.4 1
0.00794022 23368.9 1
0.007972 23495 1
0.0080039 23621.6 1
0.00803591 23748.6 1
0.00806804 23876.2 1
0.00810028 24004.2 1
0.00813263 24132.7 1
0.0081651 24261.7 1
0.00819769 24391.2 1
0.00823039 24521.2 1
0.0082632 24651.6 1
0.00829612 24782.5 1
0.00832916 24913.9 1
0.00836232 25045.8 1
0.00839558 25178.1 1
0.00842896 25310.9 1
0.00846245 25444.2 1
0.00849606 25578 1
0.00852977 25712.2 1
0.0085636 25846.9 1
0.00859754 25982.1 1
0.00863159 26117.8 1
0.00866575 26253.9 1
0.00870003 26390.5 1
0.00873441 26527.5 1
0.00876891 26665 1
0.00880352 26803 1
0.00883823 26941.4 1
0.00887306 27080.3 1
0.008908 27219.6 1
0.00894305 27359.4 1
0.0089782 27499.7 1
0.00901347 27640.4 1
0.00904885 27781.6 1
0.00908433 27923.2 1
0.00911993 28065.3 1
0.00915563 28207.8 1
0.00919144 28350.8 1
0.00922736 28494.3 1
0.00926339 28638.2 1
0.00929953 28782.5 1
0.00933578 28927.3 1
0.00937213 29072.5 1
0.00940859 29218.2 1
0.00944516 29364.3 1
0.00948184 29510.9 1
0.00951862 29657.9 1
0.00955551 29805.3 1
0.00959251 29953.2 1
0.00962962 30101.6 1
0.00966683 30250.3 1
0.00970415 30399.6 1
0.00974157 30549.2 1
0.0097791 30699.3 1
0.00981674 30849.8 1
0.00985448 31000.8 1
0.00989233 31152.2 1
0.00993028 31304 1
0.00996834 31456.3 1
0.0100065 31609 1
0.0100448 31762.1 1
0.0100832 31915.6 1
0.0101216 32069.6 1
0.0101602 32224 1
0.0101989 32378.9 1
0.0102377 32534.2 1
0.0102766 32689.9 1
0.0103156 32846 1
0.0103547 33002.5 1
0.0103939 33159.5 1
0.0104332 33316.9 1
0.0104726 33474.7 1
0.0105122 33633 1
0.0105518 33791.6 1
0.0105915 33950.7 1
0.0106313 34110.2 1
0.0106713 34270.1 1
0.0107113 34430.4 1
0.0107515 34591.2 1
0.0107917 34752.4 1
0.010832 34914 1
0.0108725 35076 1
0.010913 35238.4 1
0.0109537 35401.2 1
0.0109944 35564.4 1
0.0110353 35728.1 1
0.0110763 35892.2 1
0.0111173 36056.6 1
0.0111585 36221.5 1
0.0111997 36386.8 1
0.0112411 36552.5 1
0.0112826 36718.6 1
0.0113241 36885.2 1
0.0113658 37052.1 1
0.0114075 37219.4 1
0.0114494 37387.2 1
0.0114914 37555.3 1
0.0115334 37723.8 1
0.0115756 37892.8 1
0.0116179 38062.1 1
0.0116602 38231.9 1
0.0117027 38402 1
0.0117453 38572.6 1
0.0117879 38743.5 1
0.0118307 38914.9 1
0.0118736 39086.6 1
0.0119165 39258.8 1
0.0119596 39431.3 1
0.0120028 39604.3 1
0.012046 39777.6 1
0.0120894 39951.3 1
0.0121328 40125.5 1
0.0121764 40300 1
0.01222 40474.9 1
0.0122638 40650.2 1
0.0123076 40825.9 1
0.0123516 41002 1
0.0123956 41178.4 1
0.0124398 41355.3 1
0.012484 41532.6 1
0.0125284 41710.2 1
0.0125728 41888.2 1
0.0126174 42066.7 1
0.012662 42245.5 1
0.0127067 42424.7 1
0.0127515 42604.2 1
0.0127965 42784.2 1
0.0128415 42964.6 1
0.0128866 43145.3 1
0.0129318 43326.4 1
0.0129771 43507.9 1
0.0130225 43689.8 1
0.0130681 43872 1
0.0131137 44054.7 1
0.0131593 44237.7 1
0.0132051 44421.1 1
0.013251 44604.9 1
0.013297 44789 1
0.0133431 44973.6 1
0.0133893 45158.5 1
0.0134355 45343.8 1
0.0134819 45529.4 1
0.0135284 45715.5 1
0.0135749 45901.9 1
0.0136216 46088.7 1
0.0136683 46275.9 1
0.0137152 46463.4 1
0.0137621 46651.3 1
0.0138092 46839.6 1
0.0138563 47028.2 1
0.0139035 47217.3 1
0.0139508 47406.6 1
0.0139982 47596.4 1
0.0140457 47786.5 1
0.0140933 47977 1
0.014141 48167.9 1
0.0141888 48359.1 1
0.0142367 48550.7 1
0.0142847 48742.7 1
0.0143327 48935.1 1
0.0143809 49127.8 1
0.0144292 49320.8 1
0.0144775 49514.2 1
0.0145259 49708 1
0.0145745 49902.2 1
0.0146231 50096.7 1
0.0146718 50291.6 1
0.0147206 50486.8 1
0.0147696 50682.4 1
0.0148186 50878.4 1
0.0148676 51074.7 1
0.0149168 51271.4 1
0.0149661 51468.4 1
0.0150155 51665.8 1
0.0150649 51863.6 1
0.0151145 52061.7 1
0.0151641 52260.2 1
0.0152139 52459 1
0.0152637 52658.2 1
0.0153136 52857.7 1
0.0153636 53057.6 1
0.0154137 53257.9 1
0.0154639 53458.5 1
0.0155142 53659.4 1
0.0155646 53860.7 1
0.0156151 54062.4 1
0.0156656 54264.4 1
0.0157163 54466.8 1
0.015767 54669.5 1
0.0158179 54872.5 1
0.0158688 55075.9 1
0.0159198 55279.7 1
0.0159709 55483.8 1
0.0160221 55688.2 1
0.0160734 55893 1
0.0161248 56098.2 1
0.0161762 56303.7 1
0.0162278 56509.5 1
0.0162794 56715.7 1
0.0163312 56922.2 1
0.016383 57129.1 1
0.0164349 57336.3 1
0.0164869 57543.9 1
0.016539 57751.8 1
0.0165912 57960 1
0.0166435 58168.6 1
0.0166958 58377.6 1
0.0167483 58586.8 1
0.0168008 58796.4 1
0.0168535 59006.4 1
0.0169062 59216.7 1
0.016959 59427.3 1
0.0170119 59638.3 1
0.0170649 59849.6 1
0.017118 60061.2 1
0.0171711 60273.2 1
0.0172244 60485.5 1
0.0172777 60698.2 1
0.0173311 60911.2 1
0.0173847 61124.5 1
0.0174383 61338.1 1
0.017492 61552.1 1
0.0175457 61766.5 1
0.0175996 61981.1 1
0.0176536 62196.1 1
0.0177076 62411.4 1
0.0177617 62627.1 1
0.0178159 62843.1 1
0.0178702 63059.4 1
0.0179246 63276 1
0.0179791 63493 1
0.0180337 63710.3 1
0.0180883 63927.9 1
0.0181431 64145.9 1
0.0181979 64364.2 1
0.0182528 64582.8 1
0.0183078 64801.7 1
0.0183629 65021 1
0.0184181 65240.6 1
0.0184733 65460.5 1
0.0185287 65680.8 1
0.0185841 65901.3 1
0.0186396 66122.2 1
0.0186952 66343.5 1
0.0187509 66565 1
0.0188067 66786.9 1
0.0188626 67009.1 1
0.0189185 67231.6 1
0.0189746 67454.4 1
0.0190307 67677.5 1
0.0190869 67901 1
0.0191432 68124.8 1
0.0191995 68348.9 1
0.019256 68573.3 1
0.0193126 68798.1 1
0.0193692 69023.2 1
0.0194259 69248.5 1
0.0194827 69474.2 1
0.0195396 69700.3 1
0.0195966 69926.6 1
0.0196536 70153.2 1
0.0197108 70380.2 1
0.019768 70607.5 1
0.0198253 70835.1 1
0.0198827 71063 1
0.0199402 71291.2 1
0.0199977 71519.7 1
0.0200554 71748.6 1
0.0201131 71977.7 1
0.0201709 72207.2 1
0.0202288 72437 1
0.0202868 72667.1 1
0.0203448 72897.5 1
0.020403 73128.2 1
0.0204612 73359.2 1
0.0205195 73590.6 1
0.0205779 73822.2 1
0.0206364 74054.1 1
0.020695 74286.4 1
0.0207536 74519 1
0.0208124 74751.8 1
0.0208712 74985 1
0.0209301 75218.5 1
0.020989 75452.3 1
0.0210481 75686.4 1
0.0211072 75920.8 1
0.0211665 76155.5 1
0.0212258 76390.5 1
0.0212852 76625.8 1
0.0213446 76861.4 1
0.0214042 77097.3 1
0.0214638 77333.5 1
0.0215235 77570 1
0.0215833 77806.8 1
0.0216432 78044 1
0.0217032 78281.4 1
0.0217632 78519.1 1
0.0218234 78757.1 1
0.0218836 78995.4 1
0.0219439 79234 1
0.0220042 79473 1
0.0220647 79712.2 1
0.0221252 79951.7 1
0.0221858 80191.5 1
0.0222465 80431.6 1
0.0223073 80672 1
0.0223682 80912.7 1
0.0224291 81153.6 1
0.0224901 81394.9 1
0.0225512 81636.5 1
0.0226124 81878.4 1
0.0226737 82120.5 1
0.022735 82363 1
0.0227964 82605.7 1
0.0228579 82848.8 1
0.0229195 83092.1 1
0.0229812 83335.7 1
0.0230429 83579.6 1
0.0231047 83823.8 1
0.0231666 84068.3 1
0.0232286 84313.1 1
0.0232907 84558.2 1
0.0233528 84803.5 1
0.023415 85049.2 1
0.0234773 85295.1 1
0.0235397 85541.3 1
0.0236022 85787.8 1
0.0236647 86034.6 1
0.0237273 86281.7 1
0.02379 86529.1 1
0.0238528 86776.7 1
0.0239156 87024.6 1
0.0239786 87272.8 1
0.0240416 87521.3 1
0.0241047 87770.1 1
0.0241678 88019.2 1
0.0242311 88268.5 1
0.0242944 88518.2 1
0.0243578 88768.1 1
0.0244213 89018.3 1
0.0244848 89268.8 1
0.0245485 89519.5 1
0.0246122 89770.5 1
0.024676 90021.9 1
0.0247399 90273.5 1
0.0248038 90525.3 1
0.0248678 90777.5 1
0.0249319 91029.9 1
0.0249961 91282.6 1
0.0250604 91535.6 1
0.0251247 91788.8 1
0.0251891 92042.4 1
0.0252536 92296.2 1
0.0253182 92550.3 1
0.0253828 92804.6 1
0.0254475 93059.3 1
0.0255123 93314.2 1
0.0255772 93569.3 1
0.0256422 93824.8 1
0.0257072 94080.5 1
0.0257723 94336.5 1
0.0258375 94592.8 1
0.0259027 94849.3 1
0.025968 95106.1 1
0.0260335 95363.2 1
0.0260989 95620.6 1
0.0261645 95878.2 1
0.0262301 96136.1 1
0.0262958 96394.2 1
0.0263616 96652.7 1
0.0264275 96911.4 1
0.0264934 97170.3 1
0.0265595 97429.6 1
0.0266255 97689.1 1
0.0266917 97948.8 1
0.0267579 98208.9 1
0.0268243 98469.1 1
0.0268907 98729.7 1
0.0269571 98990.5 1
0.0270237 99251.6 1
0.0270903 99513 1
0.027157 99774.6 1
0.0272237 100036 1
0.0272906 100299 1
0.0273575 100561 1
0.0274245 100824 1
0.0274915 101087 1
0.0275587 101350 1
0.0276259 101613 1
0.0276932 101877 1
0.0277605 102141 1
0.027828 102405 1
0.0278955 102670 1
0.0279631 102934 1
0.0280307 103199 1
0.0280984 103465 1
0.0281663 103730 1
0.0282341 103996 1
0.0283021 104262 1
0.0283701 104528 1
0.0284382 104795 1
0.0285064 105062 1
0.0285746 105329 1
0.0286429 105596 1
0.0287113 105863 1
0.0287798 106131 1
0.0288483 106399 1
0.0289169 106668 1
0.0289856 106936 1
0.0290544 107205 1
0.0291232 107474 1
0.0291921 107743 1
0.0292611 108013 1
0.0293301 108283 1
0.0293992 108553 1
0.0294684 108823 1
0.0295377 109094 1
0.029607 109365 1
0.0296764 109636 1
0.0297459 109907 1
0.0298154 110178 1
0.029885 110450 1
0.0299547 110722 1
0.0300245 110995 1
0.0300943 111267 1
0.0301642 111540 1
0.0302342 111813 1
0.0303042 112086 1
0.0303744 112360 1
0.0304445 112634 1
0.0305148 112908 1
0.0305851 113182 1
0.0306555 113456 1
0.030726 113731 1
0.0307966 114006 1
0.0308672 114281 1
0.0309378 114557 1
0.0310086 114832 1
0.0310794 115108 1
0.0311503 115384 1
0.0312213 115661 1
0.0312923 115937 1
0.0313634 116214 1
0.0314346 116491 1
0.0315058 116769 1
0.0315772 117046 1
0.0316485 117324 1
0.03172 117602 1
0.0317915 117881 1
0.0318631 118159 1
0.0319348 118438 1
0.0320065 118717 1
0.0320783 118996 1
0.0321502 119276 1
0.0322221 119555 1
0.0322941 119835 1
0.0323662 120115 1
0.0324383 120396 1
0.0325105 120676 1
0.0325828 120957 1
0.0326552 121238 1
0.0327276 121520 1
0.0328001 121801 1
0.0328726 122083 1
0.0329453 122365 1
0.0330179 122647 1
0.0330907 122930 1
0.0331635 123212 1
0.0332364 123495 1
0.0333094 123778 1
0.0333824 124062 1
0.0334555 124345 1
0.0335287 124629 1
0.0336019 124913 1
0.0336752 125198 1
0.0337486 125482 1
0.033822 125767 1
0.0338955 126052 1
0.0339691 126337 1
0.0340427 126622 1
0.0341164 126908 1
0.0341902 127194 1
0.034264 127480 1
0.0343379 127766 1
0.0344119 128052 1
0.034486 128339 1
0.0345601 128626 1
0.0346342 128913 1
0.0347085 129201 1
0.0347828 129488 1
0.0348571 129776 1
0.0349316 130064 1
0.0350061 130352 1
0.0350806 130641 1
0.0351553 130929 1
0.03523 131218 1
0.0353047 131507 1
0.0353796 131797 1
0.0354545 132086 1
0.0355294 132376 1
0.0356044 132666 1
0.0356795 132956 1
0.0357547 133246 1
0.0358299 133537 1
0.0359052 133828 1
0.0359805 134119 1
0.036056 134410 1
0.0361314 134701 1
0.036207 134993 1
0.0362826 135285 1
0.0363583 135577 1
0.036434 135869 1
0.0365098 136162 1
0.0365857 136454 1
0.0366616 136747 1
0.0367376 137040 1
0.0368137 137334 1
0.0368898 137627 1
0.036966 137921 1
0.0370422 138215 1
0.0371186 138509 1
0.0371949 138803 1
0.0372714 139098 1
0.0373479 139393 1
0.0374244 139688 1
0.0375011 139983 1
0.0375778 140278 1
0.0376545 140574 1
0.0377314 140869 1
0.0378082 141165 1
0.0378852 141462 1
0.0379622 141758 1
0.0380393 142054 1
0.0381164 142351 1
0.0381936 142648 1
0.0382709 142945 1
0.0383482 143243 1
0.0384256 143540 1
0.038503 143838 1
0.0385805 144136 1
0.0386581 144434 1
0.0387358 144732 1
0.0388134 145031 1
0.0388912 145330 1
0.038969 145629 1
0.0390469 145928 1
0.0391249 146227 1
0.0392029 146527 1
0.0392809 146826 1
0.0393591 147126 1
0.0394372 147426 1
0.0395155 147726 1
0.0395938 148027 1
0.0396722 148328 1
0.0397506 148628 1
0.0398291 148929 1
0.0399077 149231 1
0.0399863 149532 1
0.040065 149834 1
0.0401437 150136 1
0.0402225 150438 1
0.0403014 150740 1
0.0403803 151042 1
0.0404592 151345 1
0.0405383 151647 1
0.0406174 151950 1
0.0406965 152253 1
0.0407758 152557 1
0.040855 152860 1
0.0409344 153164 1
0.0410138 153468 1
0.0410932 153772 1
0.0411728 154076 1
0.0412523 154380 1
0.041332 154685 1
0.0414117 154989 1
0.0414914 155294 1
0.0415712 155600 1
0.0416511 155905 1
0.041731 156210 1
0.041811 156516 1
0.0418911 156822 1
0.0419712 157128 1
0.0420514 157434 1
0.0421316 157740 1
0.0422119 158047 1
0.0422922 158354 1
0.0423726 158660 1
0.0424531 158968 1
0.0425336 159275 1
0.0426142 159582 1
0.0426948 159890 1
0.0427755 160198 1
0.0428562 160505 1
0.042937 160814 1
0.0430179 161122 1
0.0430988 161430 1
0.0431798 161739 1
0.0432608 162048 1
0.0433419 162357 1
0.0434231 162666 1
0.0435043 162975 1
0.0435855 163285 1
0.0436669 163594 1
0.0437482 163904 1
0.0438297 164214 1
0.0439112 164524 1
0.0439927 164835 1
0.0440743 165145 1
0.044156 165456 1
0.0442377 165767 1
0.0443195 166078 1
0.0444013 166389 1
0.0444832 166700 1
0.0445651 167012 1
0.0446471 167323 1
0.0447292 167635 1
0.0448113 167947 1
0.0448935 168259 1
0.0449757 168572 1
0.045058 168884 1
0.0451403 169197 1
0.0452227 169509 1
0.0453051 169822 1
0.0453876 170135 1
0.0454702 170449 1
0.0455528 170762 1
0.0456355 171076 1
0.0457182 171390 1
0.045801 171703 1
0.0458838 172017 1
0.0459667 172332 1
0.0460496 172646 1
0.0461326 172961 1
0.0462156 173275 1
0.0462987 173590 1
0.0463819 173905 1
0.0464651 174220 1
0.0465484 174536 1
0.0466317 174851 1
0.0467151 175167 1
0.0467985 175482 1
0.046882 175798 1
0.0469655 176114 1
0.0470491 176431 1
0.0471327 176747 1
0.0472164 177064 1
0.0473002 177380 1
0.047384 177697 1
0.0474678 178014 1
0.0475517 178331 1
0.0476357 178648 1
0.0477197 178966 1
0.0478038 179283 1
0.0478879 179601 1
0.047972 179919 1
0.0480563 180237 1
0.0481405 180555 1
0.0482249 180873 1
0.0483093 181192 1
0.0483937 181511 1
0.0484782 181829 1
0.0485627 182148 1
0.0486473 182467 1
0.0487319 182786 1
0.0488166 183106 1
0.0489014 183425 1
0.0489862 183745 1
0.049071 184064 1
0.0491559 184384 1
0.0492409 184704 1
0.0493259 185024 1
0.0494109 185345 1
0.049496 185665 1
0.0495812 185986 1
0.0496664 186306 1
0.0497516 186627 1
0.0498369 186948 1
0.0499223 187269 1
0.0500077 187591 1
0.0500932 187912 1
0.0501787 188233 1
0.0502642 188555 1
0.0503499 188877 1
0.0504355 189199 1
0.0505212 189521 1
0.050607 189843 1
0.0506928 190165 1
0.0507787 190488 1
0.0508646 190810 1
0.0509505 191133 1
0.0510365 191456 1
0.0511226 191779 1
0.0512087 192102 1
0.0512949 192425 1
0.0513811 192749 1
0.0514673 193072 1
0.0515536 193396 1
0.05164 193719 1
0.0517264 194043 1
0.0518129 194367 1
0.0518994 194691 1
0.0519859 195016 1
0.0520725 195340 1
0.0521592 195665 1
0.0522458 195989 1
0.0523326 196314 1
0.0524194 196639 1
0.0525062 196964 1
0.0525931 197289 1
0.0526801 197614 1
0.052767 197939 1
0.0528541 198264 0
0.0529412 198588 0
0.0530283 198912 0
0.0531155 199235 0
0.0532027 199557 0
0.05329 199878 0
0.0533773 200199 0
0.0534646 200519 0
0.0535521 200838 0
0.0536395 201157 0
0.053727 201475 0
0.0538146 201792 0
0.0539022 202109 0
0.0539898 202425 0
0.0540775 202741 0
0.0541653 203055 0
0.054253 203369 0
0.0543409 203683 0
0.0544288 203996 0
0.0545167 204308 0
0.0546047 204619 0
0.0546927 204930 0
0.0547807 205240 0
0.0548689 205550 0
0.054957 205858 0
0.0550452 206167 0
0.0551335 206474 0
0.0552218 206781 0
0.0553101 207087 0
0.0553985 207393 0
0.0554869 207698 0
0.0555754 208003 0
0.0556639 208306 0
0.0557525 208609 0
0.0558411 208912 0
0.0559297 209214 0
0.0560184 209515 0
0.0561072 209816 0
0.056196 210116 0
0.0562848 210415 0
0.0563737 210714 0
0.0564626 211012 0
0.0565516 211310 0
0.0566406 211607 0
0.0567296 211903 0
0.0568187 212199 0
0.0569079 212494 0
0.0569971 212789 0
0.0570863 213083 0
0.0571756 213376 0
0.0572649 213669 0
0.0573542 213961 0
0.0574437 214252 0
0.0575331 214543 0
0.0576226 214834 0
0.0577121 215123 0
0.0578017 215413 0
0.0578913 215701 0
0.057981 215989 0
0.0580707 216277 0
0.0581604 216563 0
0.0582502 216850 0
0.0583401 217135 0
0.05843 217421 0
0.0585199 217705 0
0.0586098 217989 0
0.0586998 218272 0
0.0587899 218555 0
0.05888 218838 0
0.0589701 219119 0
0.0590603 219400 0
0.0591505 219681 0
0.0592407 219961 0
0.059331 220240 0
0.0594214 220519 0
0.0595118 220798 0
0.0596022 221075 0
0.0596926 221352 0
0.0597832 221629 0
0.0598737 221905 0
0.0599643 222181 0
0.0600549 222456 0
0.0601456 222730 0
0.0602363 223004 0
0.060327 223277 0
0.0604178 223550 0
0.0605087 223822 0
0.0605995 224094 0
0.0606904 224365 0
0.0607814 224636 0
0.0608724 224906 0
0.0609634 225176 0
0.0610545 225445 0
0.0611456 225713 0
0.0612367 225981 0
0.0613279 226249 0
0.0614192 226516 0
0.0615104 226782 0
0.0616018 227048 0
0.0616931 227313 0
0.0617845 227578 0
0.0618759 227842 0
0.0619674 228106 0
0.0620589 228369 0
0.0621504 228632 0
0.062242 228894 0
0.0623336 229156 0
0.0624253 229417 0
0.062517 229678 0
0.0626087 229938 0
0.0627005 230198 0
0.0627923 230457 0
0.0628842 230716 0
0.0629761 230974 0
0.063068 231232 0
0.06316 231489 0
0.063252 231746 0
0.063344 232002 0
0.0634361 232257 0
0.0635282 232513 0
0.0636204 232767 0
0.0637126 233021 0
0.0638048 233275 0
0.0638971 233528 0
0.0639894 233781 0
0.0640817 234033 0
0.0641741 234285 0
0.0642665 234536 0
0.064359 234787 0
0.0644515 235037 0
0.064544 235287 0
0.0646365 235536 0
0.0647291 235785 0
0.0648218 236033 0
0.0649144 236281 0
0.0650072 236529 0
0.0650999 236776 0
0.0651927 237022 0
0.0652855 237268 0
0.0653784 237514 0
0.0654712 237759 0
0.0655642 238003 0
0.0656571 238247 0
0.0657501 238491 0
0.0658432 238734 0
0.0659362 238977 0
0.0660293 239219 0
0.0661225 239461 0
0.0662156 239702 0
0.0663088 239943 0
0.0664021 240183 0
0.0664953 240423 0
0.0665887 240663 0
0.066682 240902 0
0.0667754 241141 0
0.0668688 241379 0
0.0669622 241616 0
0.0670557 241854 0
0.0671493 242090 0
0.0672428 242327 0
0.0673364 242563 0
0.06743 242798 0
0.0675237 243033 0
0.0676173 243268 0
0.0677111 243502 0
0.0678048 243735 0
0.0678986 243969 0
0.0679924 244201 0
0.0680863 244434 0
0.0681802 244666 0
0.0682741 244897 0
0.0683681 245128 0
0.068462 245359 0
0.0685561 245589 0
0.0686501 245819 0
0.0687442 246048 0
0.0688383 246277 0
0.0689325 246506 0
0.0690266 246734 0
0.0691209 246961 0
0.0692151 247188 0
0.0693094 247415 0
0.0694037 247642 0
0.069498 247867 0
0.0695924 248093 0
0.0696868 248318 0
0.0697813 248543 0
0.0698757 248767 0
0.0699702 248991 0
0.0700648 249214 0
0.0701593 249437 0
0.0702539 249660 0
0.0703486 249882 0
0.0704432 250104 0
0.0705379 250325 0
0.0706326 250546 0
0.0707274 250767 0
0.0708222 250987 0
0.070917 251207 0
0.0710118 251426 0
0.0711067 251645 0
0.0712016 251863 0
0.0712965 252082 0
0.0713915 252299 0
0.0714865 252517 0
0.0715815 252733 0
0.0716766 252950 0
0.0717717 253166 0
0.0718668 253382 0
0.0719619 253597 0
0.0720571 253812 0
0.0721523 254027 0
0.0722475 254241 0
0.0723428 254455 0
0.0724381 254668 0
0.0725334 254881 0
0.0726288 255094 0
0.0727241 255306 0
0.0728196 255518 0
0.072915 255729 0
0.0730105 255940 0
0.073106 256151 0
0.0732015 256361 0
0.073297 256571 0
0.0733926 256781 0
0.0734882 256990 0
0.0735838 257198 0
0.0736795 257407 0
0.0737752 257615 0
0.0738709 257823 0
0.0739667 258030 0
0.0740624 258237 0
0.0741582 258443 0
0.0742541 258649 0
0.0743499 258855 0
0.0744458 259061 0
0.0745417 259266 0
0.0746377 259470 0
0.0747336 259675 0
0.0748296 259878 0
0.0749257 260082 0
0.0750217 260285 0
0.0751178 260488 0
0.0752139 260690 0
0.07531 260893 0
0.0754062 261094 0
0.0755023 261296 0
0.0755986 261497 0
0.0756948 261697 0
0.075791 261898 0
0.0758873 262098 0
0.0759836 262297 0
0.07608 262496 0
0.0761763 262695 0
0.0762727 262894 0
0.0763691 263092 0
0.0764656 263290 0
0.076562 263487 0
0.0766585 263684 0
0.076755 263881 0
0.0768516 264078 0
0.0769482 264274 0
0.0770447 264469 0
0.0771414 264665 0
0.077238 264860 0
0.0773347 265054 0
0.0774314 265249 0
0.0775281 265443 0
0.0776248 265636 0
0.0777216 265830 0
0.0778184 266023 0
0.0779152 266215 0
0.078012 266408 0
0.0781089 266600 0
0.0782057 266791 0
0.0783027 266982 0
0.0783996 267173 0
0.0784965 267364 0
0.0785935 267554 0
0.0786905 267744 0
0.0787875 267934 0
0.0788846 268123 0
0.0789817 268312 0
0.0790787 268501 0
0.0791759 268689 0
0.079273 268877 0
0.0793702 269064 0
0.0794673 269252 0
0.0795646 269439 0
0.0796618 269625 0
0.079759 269812 0
0.0798563 269998 0
0.0799536 270183 0
0.0800509 270369 0
0.0801483 270554 0
0.0802456 270738 0
0.080343 270923 0
0.0804404 271107 0
0.0805379 271290 0
0.0806353 271474 0
0.0807328 271657 0
0.0808303 271840 0
0.0809278 272022 0
0.0810253 272204 0
0.0811229 272386 0
0.0812205 272568 0
0.0813181 272749 0
0.0814157 272930 0
0.0815133 273110 0
0.081611 273290 0
0.0817087 273470 0
0.0818064 273650 0
0.0819041 273829 0
0.0820018 274008 0
0.0820996 274187 0
0.0821974 274365 0
0.0822952 274544 0
0.082393 274721 0
0.0824908 274899 0
0.0825887 275076 0
0.0826866 275253 0
0.0827845 275429 0
0.0828824 275606 0
0.0829804 275782 0
0.0830783 275957 0
0.0831763 276133 0
0.0832743 276308 0
0.0833723 276483 0
0.0834704 276657 0
0.0835684 276831 0
0.0836665 277005 0
0.0837646 277179 0
0.0838627 277352 0
0.0839608 277525 0
0.084059 277698 0
0.0841571 277870 0
0.0842553 278042 0
0.0843535 278214 0
0.0844517 278385 0
0.08455 278557 0
0.0846482 278727 0
0.0847465 278898 0
0.0848448 279068 0
0.0849431 279238 0
0.0850415 279408 0
0.0851398 279578 0
0.0852382 279747 0
0.0853365 279916 0
0.0854349 280084 0
0.0855334 280253 0
0.0856318 280421 0
0.0857302 280589 0
0.0858287 280756 0
0.0859272 280923 0
0.0860257 281090 0
0.0861242 281257 0
0.0862227 281423 0
0.0863213 281589 0
0.0864198 281755 0
0.0865184 281921 0
0.086617 282086 0
0.0867156 282251 0
0.0868143 282416 0
0.0869129 282580 0
0.0870116 282744 0
0.0871102 282908 0
0.0872089 283072 0
0.0873076 283235 0
0.0874064 283398 0
0.0875051 283561 0
0.0876039 283723 0
0.0877026 283885 0
0.0878014 284047 0
0.0879002 284209 0
0.087999 284370 0
0.0880978 284532 0
0.0881967 284692 0
0.0882955 284853 0
0.0883944 285013 0
0.0884933 285173 0
0.0885922 285333 0
0.0886911 285493 0
0.08879 285652 0
0.088889 285811 0
0.0889879 285970 0
0.0890869 286128 0
0.0891859 286287 0
0.0892849 286444 0
0.0893839 286602 0
0.0894829 286760 0
0.089582 286917 0
0.089681 287074 0
0.0897801 287230 0
0.0898791 287387 0
0.0899782 287543 0
0.0900773 287699 0
0.0901764 287854 0
0.0902756 288010 0
0.0903747 288165 0
0.0904739 288320 0
0.090573 288474 0
0.0906722 288629 0
0.0907714 288783 0
0.0908706 288936 0
0.0909698 289090 0
0.091069 289243 0
0.0911683 289396 0
0.0912675 289549 0
0.0913668 289702 0
0.0914661 289854 0
0.0915653 290006 0
0.0916646 290158 0
0.0917639 290310 0
0.0918633 290461 0
0.0919626 290612 0
0.0920619 290763 0
0.0921613 290913 0
0.0922606 291064 0
0.09236 291214 0
0.0924594 291364 0
0.0925588 291513 0
0.0926582 291663 0
0.0927576 291812 0
0.092857 291961 0
0.0929565 292109 0
0.0930559 292258 0
0.0931554 292406 0
0.0932548 292554 0
0.0933543 292701 0
0.0934538 292849 0
0.0935533 292996 0
0.0936528 293143 0
0.0937523 293289 0
0.0938518 293436 0
0.0939514 293582 0
0.0940509 293728 0
0.0941505 293874 0
0.09425 294019 0
0.0943496 294165 0
0.0944492 294310 0
0.0945488 294455 0
0.0946484 294599 0
0.094748 294743 0
0.0948476 294888 0
0.0949472 295031 0
0.0950468 295175 0
0.0951465 295318 0
0.0952461 295462 0
0.0953458 295605 0
0.0954454 295747 0
0.0955451 295890 0
0.0956448 296032 0
0.0957445 296174 0
0.0958442 296316 0
0.0959439 296457 0
0.0960436 296599 0
0.0961433 296740 0
0.096243 296881 0
0.0963427 297021 0
0.0964425 297162 0
0.0965422 297302 0
0.096642 297442 0
0.0967417 297582 0
0.0968415 297721 0
0.0969412 297861 0
0.097041 298000 0
0.0971408 298139 0
0.0972406 298277 0
0.0973404 298416 0
0.0974402 298554 0
0.09754 298692 0
0.0976398 298830 0
0.0977396 298967 0
0.0978394 299105 0
0.0979393 299242 0
0.0980391 299379 0
0.098139 299515 0
0.0982388 299652 0
0.0983386 299788 0
0.0984385 299924 0
0.0985384 300060 0
0.0986382 300195 0
0.0987381 300331 0
0.098838 300466 0
0.0989379 300601 0
0.0990377 300735 0
0.0991376 300870 0
0.0992375 301004 0
0.0993374 301138 0
0.0994373 301272 0
0.0995372 301406 0
0.0996372 301539 0
0.0997371 301673 0
0.099837 301806 0
0.0999369 301938 0
0.100037 302071 0
0.100137 302203 0
0.100237 302336 0
0.100337 302468 0
0.100437 302599 0
0.100537 302731 0
0.100636 302862 0
0.100736 302993 0
0.100836 303124 0
0.100936 303255 0
0.101036 303386 0
0.101136 303516 0
0.101236 303646 0
0.101336 303776 0
0.101436 303906 0
0.101536 304035 0
0.101636 304164 0
0.101736 304293 0
0.101836 304422 0
0.101936 304551 0
0.102036 304680 0
0.102136 304808 0
0.102236 304936 0
0.102336 305064 0
0.102436 305192 0
0.102536 305319 0
0.102636 305446 0
0.102736 305573 0
0.102836 305700 0
0.102936 305827 0
0.103036 305953 0
0.103136 306080 0
0.103236 306206 0
0.103336 306332 0
0.103436 306457 0
0.103536 306583 0
0.103636 306708 0
0.103736 306833 0
0.103836 306958 0
