0.005 0 0
0.00501 565.748 0
0.00502128 1201.7 0
0.00503315 1868.26 0
0.00504548 2558.13 0
0.0050582 3267.48 0
0.00507129 3993.77 0
0.00508471 4735.2 0
0.00509843 5490.35 0
0.00511245 6258.08 0
0.00512674 7037.43 0
0.00514129 7827.59 0
0.0051561 8627.83 0
0.00517115 9437.54 0
0.00518645 10256.1 0
0.00520197 11083.1 0
0.00521772 11918 0
0.00523369 12536.1 1
0.00524987 12592.6 1
0.00526626 12650.1 1
0.00528286 12708.4 1
0.00529966 12767.6 1
0.00531666 12827.6 1
0.00533386 12888.4 1
0.00535125 12950.1 1
0.00536882 13012.5 1
0.00538659 13075.8 1
0.00540454 13139.8 1
0.00542267 13204.6 1
0.00544098 13270.2 1
0.00545947 13336.6 1
0.00547813 13403.6 1
0.00549697 13471.5 1
0.00551598 13540 1
0.00553516 13609.3 1
0.00555451 13679.3 1
0.00557403 13750 1
0.00559371 13821.4 1
0.00561356 13893.6 1
0.00563356 13966.4 1
0.00565373 14039.9 1
0.00567406 14114.1 1
0.00569455 14188.9 1
0.0057152 14264.5 1
0.005736 14340.7 1
0.00575696 14417.5 1
0.00577807 14495.1 1
0.00579934 14573.2 1
0.00582076 14652.1 1
0.00584233 14731.5 1
0.00586405 14811.6 1
0.00588592 14892.4 1
0.00590794 14973.8 1
0.0059301 15055.8 1
0.00595242 15138.4 1
0.00597487 15221.7 1
0.00599748 15305.6 1
0.00602023 15390.1 1
0.00604312 15475.2 1
0.00606616 15560.9 1
0.00608934 15647.2 1
0.00611266 15734.1 1
0.00613612 15821.7 1
0.00615972 15909.8 1
0.00618346 15998.5 1
0.00620734 16087.8 1
0.00623136 16177.7 1
0.00625551 16268.2 1
0.00627981 16359.2 1
0.00630424 16450.9 1
0.00632881 16543.1 1
0.00635351 16635.9 1
0.00637835 16729.3 1
0.00640332 16823.2 1
0.00642842 16917.7 1
0.00645366 17012.8 1
0.00647904 17108.4 1
0.00650454 17204.6 1
0.00653018 17301.3 1
0.00655595 17398.6 1
0.00658185 17496.5 1
0.00660788 17594.9 1
0.00663404 17693.9 1
0.00666033 17793.4 1
0.00668675 17893.4 1
0.0067133 17994 1
0.00673998 18095.2 1
0.00676679 18196.8 1
0.00679372 18299.1 1
0.00682078 18401.8 1
0.00684797 18505.1 1
0.00687529 18608.9 1
0.00690273 18713.3 1
0.0069303 18818.1 1
0.00695799 18923.5 1
0.00698581 19029.5 1
0.00701375 19135.9 1
0.00704182 19242.9 1
0.00707001 19350.4 1
0.00709833 19458.4 1
0.00712676 19566.9 1
0.00715533 19675.9 1
0.00718401 19785.5 1
0.00721282 19895.5 1
0.00724175 20006.1 1
0.0072708 20117.2 1
0.00729998 20228.8 1
0.00732927 20340.9 1
0.00735869 20453.5 1
0.00738822 20566.6 1
0.00741788 20680.2 1
0.00744766 20794.3 1
0.00747756 20908.9 1
0.00750757 21024 1
0.00753771 21139.6 1
0.00756796 21255.6 1
0.00759834 21372.2 1
0.00762883 21489.3 1
0.00765944 21606.8 1
0.00769017 21724.9 1
0.00772102 21843.4 1
0.00775198 21962.4 1
0.00778306 22081.9 1
0.00781426 22201.9 1
0.00784558 22322.4 1
0.00787701 22443.3 1
0.00790856 22564.7 1
0.00794022 22686.7 1
0.007972 22809 1
0.0080039 22931.9 1
0.00803591 23055.2 1
0.00806804 23179 1
0.00810028 23303.3 1
0.00813263 23428.1 1
0.0081651 23553.3 1
0.00819769 23679 1
0.00823039 23805.1 1
0.0082632 23931.7 1
0.00829612 24058.8 1
0.00832916 24186.4 1
0.00836232 24314.4 1
0.00839558 24442.9 1
0.00842896 24571.8 1
0.00846245 24701.2 1
0.00849606 24831 1
0.00852977 24961.3 1
0.0085636 25092.1 1
0.00859754 25223.3 1
0.00863159 25355 1
0.00866575 25487.1 1
0.00870003 25619.7 1
0.00873441 25752.8 1
0.00876891 25886.3 1
0.00880352 26020.2 1
0.00883823 26154.6 1
0.00887306 26289.4 1
0.008908 26424.7 1
0.00894305 26560.4 1
0.0089782 26696.6 1
0.00901347 26833.2 1
0.00904885 26970.2 1
0.00908433 27107.7 1
0.00911993 27245.7 1
0.00915563 27384 1
0.00919144 27522.9 1
0.00922736 27662.1 1
0.00926339 27801.8 1
0.00929953 27941.9 1
0.00933578 28082.5 1
0.00937213 28223.5 1
0.00940859 28364.9 1
0.00944516 28506.8 1
0.00948184 28649.1 1
0.00951862 28791.8 1
0.00955551 28935 1
0.00959251 29078.5 1
0.00962962 29222.6 1
0.00966683 29367 1
0.00970415 29511.9 1
0.00974157 29657.2 1
0.0097791 29802.9 1
0.00981674 29949 1
0.00985448 30095.6 1
0.00989233 30242.6 1
0.00993028 30390 1
0.00996834 30537.8 1
0.0100065 30686.1 1
0.0100448 30834.7 1
0.0100832 30983.8 1
0.0101216 31133.3 1
0.0101602 31283.2 1
0.0101989 31433.6 1
0.0102377 31584.3 1
0.0102766 31735.5 1
0.0103156 31887.1 1
0.0103547 32039.1 1
0.0103939 32191.5 1
0.0104332 32344.3 1
0.0104726 32497.5 1
0.0105122 32651.2 1
0.0105518 32805.2 1
0.0105915 32959.7 1
0.0106313 33114.6 1
0.0106713 33269.8 1
0.0107113 33425.5 1
0.0107515 33581.6 1
0.0107917 33738.1 1
0.010832 33895 1
0.0108725 34052.3 1
0.010913 34210 1
0.0109537 34368.1 1
0.0109944 34526.6 1
0.0110353 34685.5 1
0.0110763 34844.8 1
0.0111173 35004.5 1
0.0111585 35164.6 1
0.0111997 35325.1 1
0.0112411 35486 1
0.0112826 35647.3 1
0.0113241 35809 1
0.0113658 35971 1
0.0114075 36133.5 1
0.0114494 36296.4 1
0.0114914 36459.6 1
0.0115334 36623.3 1
0.0115756 36787.4 1
0.0116179 36951.8 1
0.0116602 37116.6 1
0.0117027 37281.8 1
0.0117453 37447.4 1
0.0117879 37613.4 1
0.0118307 37779.8 1
0.0118736 37946.6 1
0.0119165 38113.8 1
0.0119596 38281.3 1
0.0120028 38449.2 1
0.012046 38617.6 1
0.0120894 38786.2 1
0.0121328 38955.3 1
0.0121764 39124.8 1
0.01222 39294.6 1
0.0122638 39464.9 1
0.0123076 39635.5 1
0.0123516 39806.5 1
0.0123956 39977.8 1
0.0124398 40149.6 1
0.012484 40321.7 1
0.0125284 40494.2 1
0.0125728 40667.1 1
0.0126174 40840.4 1
0.012662 41014 1
0.0127067 41188 1
0.0127515 41362.4 1
0.0127965 41537.1 1
0.0128415 41712.3 1
0.0128866 41887.8 1
0.0129318 42063.7 1
0.0129771 42239.9 1
0.0130225 42416.5 1
0.0130681 42593.5 1
0.0131137 42770.9 1
0.0131593 42948.6 1
0.0132051 43126.7 1
0.013251 43305.2 1
0.013297 43484 1
0.0133431 43663.2 1
0.0133893 43842.8 1
0.0134355 44022.7 1
0.0134819 44203 1
0.0135284 44383.7 1
0.0135749 44564.7 1
0.0136216 44746.1 1
0.0136683 44927.9 1
0.0137152 45110 1
0.0137621 45292.5 1
0.0138092 45475.3 1
0.0138563 45658.5 1
0.0139035 45842.1 1
0.0139508 46026 1
0.0139982 46210.3 1
0.0140457 46395 1
0.0140933 46580 1
0.014141 46765.3 1
0.0141888 46951 1
0.0142367 47137.1 1
0.0142847 47323.5 1
0.0143327 47510.3 1
0.0143809 47697.5 1
0.0144292 47885 1
0.0144775 48072.8 1
0.0145259 48261 1
0.0145745 48449.6 1
0.0146231 48638.5 1
0.0146718 48827.8 1
0.0147206 49017.4 1
0.0147696 49207.3 1
0.0148186 49397.7 1
0.0148676 49588.3 1
0.0149168 49779.3 1
0.0149661 49970.7 1
0.0150155 50162.4 1
0.0150649 50354.5 1
0.0151145 50546.9 1
0.0151641 50739.6 1
0.0152139 50932.7 1
0.0152637 51126.2 1
0.0153136 51320 1
0.0153636 51514.1 1
0.0154137 51708.6 1
0.0154639 51903.4 1
0.0155142 52098.6 1
0.0155646 52294.1 1
0.0156151 52489.9 1
0.0156656 52686.1 1
0.0157163 52882.7 1
0.015767 53079.5 1
0.0158179 53276.8 1
0.0158688 53474.3 1
0.0159198 53672.2 1
0.0159709 53870.4 1
0.0160221 54069 1
0.0160734 54267.9 1
0.0161248 54467.2 1
0.0161762 54666.8 1
0.0162278 54866.7 1
0.0162794 55066.9 1
0.0163312 55267.5 1
0.016383 55468.4 1
0.0164349 55669.7 1
0.0164869 55871.3 1
0.016539 56073.2 1
0.0165912 56275.5 1
0.0166435 56478.1 1
0.0166958 56681 1
0.0167483 56884.3 1
0.0168008 57087.9 1
0.0168535 57291.8 1
0.0169062 57496 1
0.016959 57700.6 1
0.0170119 57905.5 1
0.0170649 58110.7 1
0.017118 58316.3 1
0.0171711 58522.2 1
0.0172244 58728.4 1
0.0172777 58935 1
0.0173311 59141.8 1
0.0173847 59349 1
0.0174383 59556.5 1
0.017492 59764.4 1
0.0175457 59972.6 1
0.0175996 60181.1 1
0.0176536 60389.9 1
0.0177076 60599 1
0.0177617 60808.5 1
0.0178159 61018.3 1
0.0178702 61228.4 1
0.0179246 61438.8 1
0.0179791 61649.6 1
0.0180337 61860.6 1
0.0180883 62072 1
0.0181431 62283.7 1
0.0181979 62495.8 1
0.0182528 62708.1 1
0.0183078 62920.8 1
0.0183629 63133.8 1
0.0184181 63347.1 1
0.0184733 63560.7 1
0.0185287 63774.6 1
0.0185841 63988.9 1
0.0186396 64203.4 1
0.0186952 64418.3 1
0.0187509 64633.5 1
0.0188067 64849 1
0.0188626 65064.8 1
0.0189185 65281 1
0.0189746 65497.4 1
0.0190307 65714.2 1
0.0190869 65931.2 1
0.0191432 66148.6 1
0.0191995 66366.3 1
0.019256 66584.3 1
0.0193126 66802.6 1
0.0193692 67021.2 1
0.0194259 67240.2 1
0.0194827 67459.4 1
0.0195396 67678.9 1
0.0195966 67898.8 1
0.0196536 68119 1
0.0197108 68339.4 1
0.019768 68560.2 1
0.0198253 68781.3 1
0.0198827 69002.7 1
0.0199402 69224.4 1
0.0199977 69446.4 1
0.0200554 69668.7 1
0.0201131 69891.3 1
0.0201709 70114.2 1
0.0202288 70337.4 1
0.0202868 70560.9 1
0.0203448 70784.7 1
0.020403 71008.8 1
0.0204612 71233.2 1
0.0205195 71457.9 1
0.0205779 71683 1
0.0206364 71908.3 1
0.020695 72133.9 1
0.0207536 72359.8 1
0.0208124 72586 1
0.0208712 72812.5 1
0.0209301 73039.3 1
0.020989 73266.4 1
0.0210481 73493.8 1
0.0211072 73721.5 1
0.0211665 73949.5 1
0.0212258 74177.8 1
0.0212852 74406.4 1
0.0213446 74635.3 1
0.0214042 74864.5 1
0.0214638 75093.9 1
0.0215235 75323.7 1
0.0215833 75553.7 1
0.0216432 75784.1 1
0.0217032 76014.7 1
0.0217632 76245.7 1
0.0218234 76476.9 1
0.0218836 76708.4 1
0.0219439 76940.2 1
0.0220042 77172.3 1
0.0220647 77404.7 1
0.0221252 77637.3 1
0.0221858 77870.3 1
0.0222465 78103.5 1
0.0223073 78337.1 1
0.0223682 78570.9 1
0.0224291 78805 1
0.0224901 79039.4 1
0.0225512 79274.1 1
0.0226124 79509.1 1
0.0226737 79744.3 1
0.022735 79979.9 1
0.0227964 80215.7 1
0.0228579 80451.8 1
0.0229195 80688.2 1
0.0229812 80924.8 1
0.0230429 81161.8 1
0.0231047 81399 1
0.0231666 81636.6 1
0.0232286 81874.4 1
0.0232907 82112.4 1
0.0233528 82350.8 1
0.023415 82589.5 1
0.0234773 82828.4 1
0.0235397 83067.6 1
0.0236022 83307.1 1
0.0236647 83546.8 1
0.0237273 83786.9 1
0.02379 84027.2 1
0.0238528 84267.8 1
0.0239156 84508.6 1
0.0239786 84749.8 1
0.0240416 84991.2 1
0.0241047 85232.9 1
0.0241678 85474.9 1
0.0242311 85717.1 1
0.0242944 85959.7 1
0.0243578 86202.4 1
0.0244213 86445.5 1
0.0244848 86688.9 1
0.0245485 86932.5 1
0.0246122 87176.4 1
0.024676 87420.5 1
0.0247399 87665 1
0.0248038 87909.7 1
0.0248678 88154.6 1
0.0249319 88399.9 1
0.0249961 88645.4 1
0.0250604 88891.2 1
0.0251247 89137.2 1
0.0251891 89383.6 1
0.0252536 89630.1 1
0.0253182 89877 1
0.0253828 90124.1 1
0.0254475 90371.5 1
0.0255123 90619.2 1
0.0255772 90867.1 1
0.0256422 91115.3 1
0.0257072 91363.7 1
0.0257723 91612.5 1
0.0258375 91861.4 1
0.0259027 92110.7 1
0.025968 92360.2 1
0.0260335 92610 1
0.0260989 92860 1
0.0261645 93110.3 1
0.0262301 93360.9 1
0.0262958 93611.7 1
0.0263616 93862.8 1
0.0264275 94114.1 1
0.0264934 94365.4 0
0.0265595 94616 0
0.0266255 94865.9 0
0.0266917 95115 0
0.0267579 95363.4 0
0.0268243 95611.1 0
0.0268907 95858.1 0
0.0269571 96104.4 0
0.0270237 96350 0
0.0270903 96594.8 0
0.027157 96839 0
0.0272237 97082.5 0
0.0272906 97325.3 0
0.0273575 97567.4 0
0.0274245 97808.8 0
0.0274915 98049.5 0
0.0275587 98289.5 0
0.0276259 98528.9 0
0.0276932 98767.5 0
0.0277605 99005.5 0
0.027828 99242.8 0
0.0278955 99479.5 0
0.0279631 99715.5 0
0.0280307 99950.8 0
0.0280984 100185 0
0.0281663 100419 0
0.0282341 100653 0
0.0283021 100885 0
0.0283701 101117 0
0.0284382 101349 0
0.0285064 101580 0
0.0285746 101810 0
0.0286429 102039 0
0.0287113 102268 0
0.0287798 102496 0
0.0288483 102723 0
0.0289169 102950 0
0.0289856 103177 0
0.0290544 103402 0
0.0291232 103627 0
0.0291921 103852 0
0.0292611 104075 0
0.0293301 104298 0
0.0293992 104521 0
0.0294684 104743 0
0.0295377 104964 0
0.029607 105185 0
0.0296764 105405 0
0.0297459 105624 0
0.0298154 105843 0
0.029885 106062 0
0.0299547 106279 0
0.0300245 106496 0
0.0300943 106713 0
0.0301642 106929 0
0.0302342 107144 0
0.0303042 107359 0
0.0303744 107573 0
0.0304445 107786 0
0.0305148 107999 0
0.0305851 108211 0
0.0306555 108423 0
0.030726 108634 0
0.0307966 108845 0
0.0308672 109055 0
0.0309378 109265 0
0.0310086 109474 0
0.0310794 109682 0
0.0311503 109890 0
0.0312213 110097 0
0.0312923 110304 0
0.0313634 110510 0
0.0314346 110715 0
0.0315058 110920 0
0.0315772 111125 0
0.0316485 111329 0
0.03172 111532 0
0.0317915 111735 0
0.0318631 111937 0
0.0319348 112139 0
0.0320065 112340 0
0.0320783 112541 0
0.0321502 112741 0
0.0322221 112941 0
0.0322941 113140 0
0.0323662 113338 0
0.0324383 113536 0
0.0325105 113734 0
0.0325828 113931 0
0.0326552 114127 0
0.0327276 114323 0
0.0328001 114519 0
0.0328726 114714 0
0.0329453 114908 0
0.0330179 115102 0
0.0330907 115295 0
0.0331635 115488 0
0.0332364 115681 0
0.0333094 115872 0
0.0333824 116064 0
0.0334555 116255 0
0.0335287 116445 0
0.0336019 116635 0
0.0336752 116824 0
0.0337486 117013 0
0.033822 117201 0
0.0338955 117389 0
0.0339691 117577 0
0.0340427 117764 0
0.0341164 117950 0
0.0341902 118136 0
0.034264 118321 0
0.0343379 118506 0
0.0344119 118691 0
0.034486 118875 0
0.0345601 119058 0
0.0346342 119242 0
0.0347085 119424 0
0.0347828 119606 0
0.0348571 119788 0
0.0349316 119969 0
0.0350061 120150 0
0.0350806 120330 0
0.0351553 120510 0
0.03523 120689 0
0.0353047 120868 0
0.0353796 121047 0
0.0354545 121225 0
0.0355294 121402 0
0.0356044 121579 0
0.0356795 121756 0
0.0357547 121932 0
0.0358299 122108 0
0.0359052 122283 0
0.0359805 122458 0
0.036056 122632 0
0.0361314 122806 0
0.036207 122980 0
0.0362826 123153 0
0.0363583 123326 0
0.036434 123498 0
0.0365098 123670 0
0.0365857 123841 0
0.0366616 124012 0
0.0367376 124182 0
0.0368137 124352 0
0.0368898 124522 0
0.036966 124691 0
0.0370422 124860 0
0.0371186 125028 0
0.0371949 125196 0
0.0372714 125364 0
0.0373479 125531 0
0.0374244 125698 0
0.0375011 125864 0
0.0375778 126030 0
0.0376545 126195 0
0.0377314 126360 0
0.0378082 126525 0
0.0378852 126689 0
0.0379622 126853 0
0.0380393 127016 0
0.0381164 127179 0
0.0381936 127342 0
0.0382709 127504 0
0.0383482 127666 0
0.0384256 127828 0
0.038503 127989 0
0.0385805 128149 0
0.0386581 128309 0
0.0387358 128469 0
0.0388134 128629 0
0.0388912 128788 0
0.038969 128946 0
0.0390469 129105 0
0.0391249 129263 0
0.0392029 129420 0
0.0392809 129577 0
0.0393591 129734 0
0.0394372 129890 0
0.0395155 130046 0
0.0395938 130202 0
0.0396722 130357 0
0.0397506 130512 0
0.0398291 130666 0
0.0399077 130821 0
0.0399863 130974 0
0.040065 131128 0
0.0401437 131281 0
0.0402225 131433 0
0.0403014 131586 0
0.0403803 131737 0
0.0404592 131889 0
0.0405383 132040 0
0.0406174 132191 0
0.0406965 132341 0
0.0407758 132491 0
0.040855 132641 0
0.0409344 132791 0
0.0410138 132940 0
0.0410932 133088 0
0.0411728 133236 0
0.0412523 133384 0
0.041332 133532 0
0.0414117 133679 0
0.0414914 133826 0
0.0415712 133973 0
0.0416511 134119 0
0.041731 134265 0
0.041811 134410 0
0.0418911 134555 0
0.0419712 134700 0
0.0420514 134845 0
0.0421316 134989 0
0.0422119 135133 0
0.0422922 135276 0
0.0423726 135419 0
0.0424531 135562 0
0.0425336 135704 0
0.0426142 135847 0
0.0426948 135988 0
0.0427755 136130 0
0.0428562 136271 0
0.042937 136412 0
0.0430179 136552 0
0.0430988 136692 0
0.0431798 136832 0
0.0432608 136972 0
0.0433419 137111 0
0.0434231 137250 0
0.0435043 137388 0
0.0435855 137526 0
0.0436669 137664 0
0.0437482 137802 0
0.0438297 137939 0
0.0439112 138076 0
0.0439927 138212 0
0.0440743 138349 0
0.044156 138485 0
0.0442377 138620 0
0.0443195 138756 0
0.0444013 138891 0
0.0444832 139025 0
0.0445651 139160 0
0.0446471 139294 0
0.0447292 139428 0
0.0448113 139561 0
0.0448935 139694 0
0.0449757 139827 0
0.045058 139960 0
0.0451403 140092 0
0.0452227 140224 0
0.0453051 140356 0
0.0453876 140487 0
0.0454702 140618 0
0.0455528 140749 0
0.0456355 140880 0
0.0457182 141010 0
0.045801 141140 0
0.0458838 141269 0
0.0459667 141399 0
0.0460496 141528 0
0.0461326 141656 0
0.0462156 141785 0
0.0462987 141913 0
0.0463819 142041 0
0.0464651 142168 0
0.0465484 142296 0
0.0466317 142423 0
0.0467151 142549 0
0.0467985 142676 0
0.046882 142802 0
0.0469655 142928 0
0.0470491 143053 0
0.0471327 143178 0
0.0472164 143303 0
0.0473002 143428 0
0.047384 143553 0
0.0474678 143677 0
0.0475517 143801 0
0.0476357 143924 0
0.0477197 144048 0
0.0478038 144171 0
0.0478879 144294 0
0.047972 144416 0
0.0480563 144538 0
0.0481405 144660 0
0.0482249 144782 0
0.0483093 144903 0
0.0483937 145025 0
0.0484782 145146 0
0.0485627 145266 0
0.0486473 145387 0
0.0487319 145507 0
0.0488166 145627 0
0.0489014 145746 0
0.0489862 145865 0
0.049071 145985 0
0.0491559 146103 0
0.0492409 146222 0
0.0493259 146340 0
0.0494109 146458 0
0.049496 146576 0
0.0495812 146693 0
0.0496664 146811 0
0.0497516 146928 0
0.0498369 147044 0
0.0499223 147161 0
0.0500077 147277 0
0.0500932 147393 0
0.0501787 147509 0
0.0502642 147624 0
0.0503499 147740 0
0.0504355 147855 0
0.0505212 147969 0
0.050607 148084 0
0.0506928 148198 0
0.0507787 148312 0
0.0508646 148426 0
0.0509505 148539 0
0.0510365 148652 0
0.0511226 148765 0
0.0512087 148878 0
0.0512949 148991 0
0.0513811 149103 0
0.0514673 149215 0
0.0515536 149327 0
0.05164 149438 0
0.0517264 149550 0
0.0518129 149661 0
0.0518994 149772 0
0.0519859 149882 0
0.0520725 149993 0
0.0521592 150103 0
0.0522458 150213 0
0.0523326 150322 0
0.0524194 150432 0
0.0525062 150541 0
0.0525931 150650 0
0.0526801 150759 0
0.052767 150867 0
0.0528541 150975 0
0.0529412 151083 0
0.0530283 151191 0
0.0531155 151299 0
0.0532027 151406 0
0.05329 151513 0
0.0533773 151620 0
0.0534646 151727 0
0.0535521 151833 0
0.0536395 151940 0
0.053727 152046 0
0.0538146 152151 0
0.0539022 152257 0
0.0539898 152362 0
0.0540775 152468 0
0.0541653 152572 0
0.054253 152677 0
0.0543409 152782 0
0.0544288 152886 0
0.0545167 152990 0
0.0546047 153094 0
0.0546927 153197 0
0.0547807 153301 0
0.0548689 153404 0
0.054957 153507 0
0.0550452 153610 0
0.0551335 153712 0
0.0552218 153814 0
0.0553101 153916 0
0.0553985 154018 0
0.0554869 154120 0
0.0555754 154221 0
0.0556639 154323 0
0.0557525 154424 0
0.0558411 154525 0
0.0559297 154625 0
0.0560184 154726 0
0.0561072 154826 0
0.056196 154926 0
0.0562848 155026 0
0.0563737 155125 0
0.0564626 155225 0
0.0565516 155324 0
0.0566406 155423 0
0.0567296 155522 0
0.0568187 155620 0
0.0569079 155719 0
0.0569971 155817 0
0.0570863 155915 0
0.0571756 156013 0
0.0572649 156110 0
0.0573542 156208 0
0.0574437 156305 0
0.0575331 156402 0
0.0576226 156499 0
0.0577121 156595 0
0.0578017 156692 0
0.0578913 156788 0
0.057981 156884 0
0.0580707 156980 0
0.0581604 157075 0
0.0582502 157171 0
0.0583401 157266 0
0.05843 157361 0
0.0585199 157456 0
0.0586098 157550 0
0.0586998 157645 0
0.0587899 157739 0
0.05888 157833 0
0.0589701 157927 0
0.0590603 158021 0
0.0591505 158114 0
0.0592407 158208 0
0.059331 158301 0
0.0594214 158394 0
0.0595118 158486 0
0.0596022 158579 0
0.0596926 158671 0
0.0597832 158764 0
0.0598737 158856 0
0.0599643 158948 0
0.0600549 159039 0
0.0601456 159131 0
0.0602363 159222 0
0.060327 159313 0
0.0604178 159404 0
0.0605087 159495 0
0.0605995 159585 0
0.0606904 159676 0
0.0607814 159766 0
0.0608724 159856 0
0.0609634 159946 0
0.0610545 160036 0
0.0611456 160125 0
0.0612367 160214 0
0.0613279 160304 0
0.0614192 160393 0
0.0615104 160481 0
0.0616018 160570 0
0.0616931 160658 0
0.0617845 160747 0
0.0618759 160835 0
0.0619674 160923 0
0.0620589 161010 0
0.0621504 161098 0
0.062242 161185 0
0.0623336 161273 0
0.0624253 161360 0
0.062517 161447 0
0.0626087 161533 0
0.0627005 161620 0
0.0627923 161706 0
0.0628842 161793 0
0.0629761 161879 0
0.063068 161965 0
0.06316 162050 0
0.063252 162136 0
0.063344 162221 0
0.0634361 162306 0
0.0635282 162391 0
0.0636204 162476 0
0.0637126 162561 0
0.0638048 162646 0
0.0638971 162730 0
0.0639894 162814 0
0.0640817 162898 0
0.0641741 162982 0
0.0642665 163066 0
0.064359 163150 0
0.0644515 163233 0
0.064544 163316 0
0.0646365 163399 0
0.0647291 163482 0
0.0648218 163565 0
0.0649144 163648 0
0.0650072 163730 0
0.0650999 163813 0
0.0651927 163895 0
0.0652855 163977 0
0.0653784 164059 0
0.0654712 164140 0
0.0655642 164222 0
0.0656571 164303 0
0.0657501 164384 0
0.0658432 164465 0
0.0659362 164546 0
0.0660293 164627 0
0.0661225 164708 0
0.0662156 164788 0
0.0663088 164868 0
0.0664021 164948 0
0.0664953 165028 0
0.0665887 165108 0
0.066682 165188 0
0.0667754 165267 0
0.0668688 165347 0
0.0669622 165426 0
0.0670557 165505 0
0.0671493 165584 0
0.0672428 165663 0
0.0673364 165742 0
0.06743 165820 0
0.0675237 165898 0
0.0676173 165977 0
0.0677111 166055 0
0.0678048 166132 0
0.0678986 166210 0
0.0679924 166288 0
0.0680863 166365 0
0.0681802 166443 0
0.0682741 166520 0
0.0683681 166597 0
0.068462 166674 0
0.0685561 166750 0
0.0686501 166827 0
0.0687442 166903 0
0.0688383 166980 0
0.0689325 167056 0
0.0690266 167132 0
0.0691209 167208 0
0.0692151 167283 0
0.0693094 167359 0
0.0694037 167434 0
0.069498 167510 0
0.0695924 167585 0
0.0696868 167660 0
0.0697813 167735 0
0.0698757 167810 0
0.0699702 167884 0
0.0700648 167959 0
0.0701593 168033 0
0.0702539 168107 0
0.0703486 168181 0
0.0704432 168255 0
0.0705379 168329 0
0.0706326 168403 0
0.0707274 168476 0
0.0708222 168550 0
0.070917 168623 0
0.0710118 168696 0
0.0711067 168769 0
0.0712016 168842 0
0.0712965 168914 0
0.0713915 168987 0
0.0714865 169059 0
0.0715815 169132 0
0.0716766 169204 0
0.0717717 169276 0
0.0718668 169348 0
0.0719619 169420 0
0.0720571 169491 0
0.0721523 169563 0
0.0722475 169634 0
0.0723428 169706 0
0.0724381 169777 0
0.0725334 169848 0
0.0726288 169919 0
0.0727241 169989 0
0.0728196 170060 0
0.072915 170130 0
0.0730105 170201 0
0.073106 170271 0
0.0732015 170341 0
0.073297 170411 0
0.0733926 170481 0
0.0734882 170551 0
0.0735838 170620 0
0.0736795 170690 0
0.0737752 170759 0
0.0738709 170828 0
0.0739667 170897 0
0.0740624 170966 0
0.0741582 171035 0
0.0742541 171104 0
0.0743499 171172 0
0.0744458 171241 0
0.0745417 171309 0
0.0746377 171377 0
0.0747336 171445 0
0.0748296 171513 0
0.0749257 171581 0
0.0750217 171649 0
0.0751178 171717 0
0.0752139 171784 0
0.07531 171852 0
0.0754062 171919 0
0.0755023 171986 0
0.0755986 172053 0
0.0756948 172120 0
0.075791 172187 0
0.0758873 172253 0
0.0759836 172320 0
0.07608 172386 0
0.0761763 172452 0
0.0762727 172519 0
0.0763691 172585 0
0.0764656 172651 0
0.076562 172716 0
0.0766585 172782 0
0.076755 172848 0
0.0768516 172913 0
0.0769482 172979 0
0.0770447 173044 0
0.0771414 173109 0
0.077238 173174 0
0.0773347 173239 0
0.0774314 173304 0
0.0775281 173368 0
0.0776248 173433 0
0.0777216 173497 0
0.0778184 173562 0
0.0779152 173626 0
0.078012 173690 0
0.0781089 173754 0
0.0782057 173818 0
0.0783027 173881 0
0.0783996 173945 0
0.0784965 174009 0
0.0785935 174072 0
0.0786905 174135 0
0.0787875 174199 0
0.0788846 174262 0
0.0789817 174325 0
0.0790787 174387 0
0.0791759 174450 0
0.079273 174513 0
0.0793702 174575 0
0.0794673 174638 0
0.0795646 174700 0
0.0796618 174762 0
0.079759 174824 0
0.0798563 174886 0
0.0799536 174948 0
0.0800509 175010 0
0.0801483 175072 0
0.0802456 175133 0
0.080343 175195 0
0.0804404 175256 0
0.0805379 175317 0
0.0806353 175379 0
0.0807328 175440 0
0.0808303 175501 0
0.0809278 175561 0
0.0810253 175622 0
0.0811229 175683 0
0.0812205 175743 0
0.0813181 175804 0
0.0814157 175864 0
0.0815133 175924 0
0.081611 175984 0
0.0817087 176044 0
0.0818064 176104 0
0.0819041 176164 0
0.0820018 176223 0
0.0820996 176283 0
0.0821974 176342 0
0.0822952 176402 0
0.082393 176461 0
0.0824908 176520 0
0.0825887 176579 0
0.0826866 176638 0
0.0827845 176697 0
0.0828824 176756 0
0.0829804 176815 0
0.0830783 176873 0
0.0831763 176932 0
0.0832743 176990 0
0.0833723 177048 0
0.0834704 177106 0
0.0835684 177164 0
0.0836665 177222 0
0.0837646 177280 0
0.0838627 177338 0
0.0839608 177396 0
0.084059 177453 0
0.0841571 177511 0
0.0842553 177568 0
0.0843535 177625 0
0.0844517 177682 0
0.08455 177739 0
0.0846482 177796 0
0.0847465 177853 0
0.0848448 177910 0
0.0849431 177967 0
0.0850415 178023 0
0.0851398 178080 0
0.0852382 178136 0
0.0853365 178193 0
0.0854349 178249 0
0.0855334 178305 0
0.0856318 178361 0
0.0857302 178417 0
0.0858287 178473 0
0.0859272 178528 0
0.0860257 178584 0
0.0861242 178640 0
0.0862227 178695 0
0.0863213 178750 0
0.0864198 178806 0
0.0865184 178861 0
0.086617 178916 0
0.0867156 178971 0
0.0868143 179026 0
0.0869129 179081 0
0.0870116 179135 0
0.0871102 179190 0
0.0872089 179244 0
0.0873076 179299 0
0.0874064 179353 0
0.0875051 179408 0
0.0876039 179462 0
0.0877026 179516 0
0.0878014 179570 0
0.0879002 179624 0
0.087999 179677 0
0.0880978 179731 0
0.0881967 179785 0
0.0882955 179838 0
0.0883944 179892 0
0.0884933 179945 0
0.0885922 179998 0
0.0886911 180052 0
0.08879 180105 0
0.088889 180158 0
0.0889879 180211 0
0.0890869 180263 0
0.0891859 180316 0
0.0892849 180369 0
0.0893839 180421 0
0.0894829 180474 0
0.089582 180526 0
0.089681 180579 0
0.0897801 180631 0
0.0898791 180683 0
0.0899782 180735 0
0.0900773 180787 0
0.0901764 180839 0
0.0902756 180891 0
0.0903747 180942 0
0.0904739 180994 0
0.090573 181045 0
0.0906722 181097 0
0.0907714 181148 0
0.0908706 181199 0
0.0909698 181251 0
0.091069 181302 0
0.0911683 181353 0
0.0912675 181404 0
0.0913668 181455 0
0.0914661 181505 0
0.0915653 181556 0
0.0916646 181607 0
0.0917639 181657 0
0.0918633 181708 0
0.0919626 181758 0
0.0920619 181808 0
0.0921613 181858 0
0.0922606 181909 0
0.09236 181959 0
0.0924594 182009 0
0.0925588 182058 0
0.0926582 182108 0
0.0927576 182158 0
0.092857 182207 0
0.0929565 182257 0
0.0930559 182306 0
0.0931554 182356 0
0.0932548 182405 0
0.0933543 182454 0
0.0934538 182504 0
0.0935533 182553 0
0.0936528 182602 0
0.0937523 182650 0
0.0938518 182699 0
0.0939514 182748 0
0.0940509 182797 0
0.0941505 182845 0
0.09425 182894 0
0.0943496 182942 0
0.0944492 182991 0
0.0945488 183039 0
0.0946484 183087 0
0.094748 183135 0
0.0948476 183183 0
0.0949472 183231 0
0.0950468 183279 0
0.0951465 183327 0
0.0952461 183375 0
0.0953458 183422 0
0.0954454 183470 0
0.0955451 183517 0
0.0956448 183565 0
0.0957445 183612 0
0.0958442 183659 0
0.0959439 183706 0
0.0960436 183754 0
0.0961433 183801 0
0.096243 183848 0
0.0963427 183894 0
0.0964425 183941 0
0.0965422 183988 0
0.096642 184035 0
0.0967417 184081 0
0.0968415 184128 0
0.0969412 184174 0
0.097041 184221 0
0.0971408 184267 0
0.0972406 184313 0
0.0973404 184359 0
0.0974402 184405 0
0.09754 184451 0
0.0976398 184497 0
0.0977396 184543 0
0.0978394 184589 0
0.0979393 184635 0
0.0980391 184680 0
0.098139 184726 0
0.0982388 184771 0
0.0983386 184817 0
0.0984385 184862 0
0.0985384 184907 0
0.0986382 184952 0
0.0987381 184998 0
0.098838 185043 0
0.0989379 185088 0
0.0990377 185132 0
0.0991376 185177 0
0.0992375 185222 0
0.0993374 185267 0
0.0994373 185311 0
0.0995372 185356 0
0.0996372 185400 0
0.0997371 185445 0
0.099837 185489 0
0.0999369 185533 0
0.100037 185578 0
0.100137 185622 0
0.100237 185666 0
0.100337 185710 0
0.100437 185754 0
0.100537 185798 0
0.100636 185841 0
0.100736 185885 0
0.100836 185929 0
0.100936 185972 0
0.101036 186016 0
0.101136 186059 0
0.101236 186103 0
0.101336 186146 0
0.101436 186189 0
0.101536 186232 0
0.101636 186275 0
0.101736 186318 0
0.101836 186361 0
0.101936 186404 0
0.102036 186447 0
0.102136 186490 0
0.102236 186533 0
0.102336 186575 0
0.102436 186618 0
0.102536 186660 0
0.102636 186703 0
0.102736 186745 0
0.102836 186787 0
0.102936 186830 0
0.103036 186872 0
0.103136 186914 0
0.103236 186956 0
0.103336 186998 0
0.103436 187040 0
0.103536 187082 0
0.103636 187123 0
0.103736 187165 0
0.103836 187207 0
