0.005 0 0
0.00501 282.874 0
0.00502128 600.851 0
0.00503315 934.131 0
0.00504548 1279.07 0
0.0050582 1633.74 0
0.00507129 1996.89 0
0.00508471 2367.6 0
0.00509843 2745.18 0
0.00511245 3129.04 0
0.00512674 3518.72 0
0.00514129 3913.79 0
0.0051561 4313.92 0
0.00517115 4718.77 0
0.00518645 5128.07 0
0.00520197 5541.56 0
0.00521772 5959.02 0
0.00523369 6380.21 0
0.00524987 6804.95 0
0.00526626 7233.06 0
0.00528286 7664.35 0
0.00529966 8098.66 0
0.00531666 8535.85 0
0.00533386 8975.78 0
0.00535125 9418.29 0
0.00536882 9863.27 0
0.00538659 10310.6 0
0.00540454 10760.1 0
0.00542267 11211.8 0
0.00544098 11665.4 0
0.00545947 12121 0
0.00547813 12578.4 0
0.00549697 12743.6 1
0.00551598 12809.8 1
0.00553516 12876.7 1
0.00555451 12944.4 1
0.00557403 13012.7 1
0.00559371 13081.7 1
0.00561356 13151.4 1
0.00563356 13221.7 1
0.00565373 13292.7 1
0.00567406 13364.4 1
0.00569455 13436.7 1
0.0057152 13509.7 1
0.005736 13583.4 1
0.00575696 13657.6 1
0.00577807 13732.5 1
0.00579934 13808.1 1
0.00582076 13884.3 1
0.00584233 13961.1 1
0.00586405 14038.5 1
0.00588592 14116.5 1
0.00590794 14195.2 1
0.0059301 14274.4 1
0.00595242 14354.3 1
0.00597487 14434.7 1
0.00599748 14515.8 1
0.00602023 14597.5 1
0.00604312 14679.7 1
0.00606616 14762.5 1
0.00608934 14846 1
0.00611266 14930 1
0.00613612 15014.6 1
0.00615972 15099.7 1
0.00618346 15185.5 1
0.00620734 15271.8 1
0.00623136 15358.7 1
0.00625551 15446.1 1
0.00627981 15534.1 1
0.00630424 15622.7 1
0.00632881 15711.8 1
0.00635351 15801.5 1
0.00637835 15891.8 1
0.00640332 15982.6 1
0.00642842 16073.9 1
0.00645366 16165.8 1
0.00647904 16258.2 1
0.00650454 16351.2 1
0.00653018 16444.7 1
0.00655595 16538.8 1
0.00658185 16633.4 1
0.00660788 16728.5 1
0.00663404 16824.2 1
0.00666033 16920.3 1
0.00668675 17017.1 1
0.0067133 17114.3 1
0.00673998 17212.1 1
0.00676679 17310.4 1
0.00679372 17409.2 1
0.00682078 17508.5 1
0.00684797 17608.3 1
0.00687529 17708.7 1
0.00690273 17809.6 1
0.0069303 17910.9 1
0.00695799 18012.8 1
0.00698581 18115.2 1
0.00701375 18218.1 1
0.00704182 18321.6 1
0.00707001 18425.5 1
0.00709833 18529.9 1
0.00712676 18634.8 1
0.00715533 18740.2 1
0.00718401 18846.1 1
0.00721282 18952.5 1
0.00724175 19059.4 1
0.0072708 19166.8 1
0.00729998 19274.7 1
0.00732927 19383.1 1
0.00735869 19491.9 1
0.00738822 19601.3 1
0.00741788 19711.1 1
0.00744766 19821.4 1
0.00747756 19932.2 1
0.00750757 20043.5 1
0.00753771 20155.2 1
0.00756796 20267.5 1
0.00759834 20380.2 1
0.00762883 20493.3 1
0.00765944 20607 1
0.00769017 20721.1 1
0.00772102 20835.7 1
0.00775198 20950.8 1
0.00778306 21066.4 1
0.00781426 21182.4 1
0.00784558 21298.8 1
0.00787701 21415.8 1
0.00790856 21533.2 1
0.00794022 21651 1
0.007972 21769.4 1
0.0080039 21888.2 1
0.00803591 22007.4 1
0.00806804 22127.1 1
0.00810028 22247.3 1
0.00813263 22367.9 1
0.0081651 22489 1
0.00819769 22610.5 1
0.00823039 22732.5 1
0.0082632 22854.9 1
0.00829612 22977.8 1
0.00832916 23101.1 1
0.00836232 23224.9 1
0.00839558 23349.2 1
0.00842896 23473.8 1
0.00846245 23598.9 1
0.00849606 23724.5 1
0.00852977 23850.5 1
0.0085636 23977 1
0.00859754 24103.9 1
0.00863159 24231.2 1
0.00866575 24359 1
0.00870003 24487.2 1
0.00873441 24615.8 1
0.00876891 24744.9 1
0.00880352 24874.4 1
0.00883823 25004.4 1
0.00887306 25134.7 1
0.008908 25265.6 1
0.00894305 25396.8 1
0.0089782 25528.5 1
0.00901347 25660.6 1
0.00904885 25793.1 1
0.00908433 25926.1 1
0.00911993 26059.5 1
0.00915563 26193.3 1
0.00919144 26327.5 1
0.00922736 26462.2 1
0.00926339 26597.3 1
0.00929953 26732.8 1
0.00933578 26868.7 1
0.00937213 27005.1 1
0.00940859 27141.8 1
0.00944516 27279 1
0.00948184 27416.6 1
0.00951862 27554.7 1
0.00955551 27693.1 1
0.00959251 27832 1
0.00962962 27971.2 1
0.00966683 28110.9 1
0.00970415 28251 1
0.00974157 28391.5 1
0.0097791 28532.5 1
0.00981674 28673.8 1
0.00985448 28815.6 1
0.00989233 28957.7 1
0.00993028 29100.3 1
0.00996834 29243.2 1
0.0100065 29386.6 1
0.0100448 29530.4 1
0.0100832 29674.6 1
0.0101216 29819.2 1
0.0101602 29964.2 1
0.0101989 30109.6 1
0.0102377 30255.4 1
0.0102766 30401.6 1
0.0103156 30548.2 1
0.0103547 30695.2 1
0.0103939 30842.6 1
0.0104332 30990.4 1
0.0104726 31138.6 1
0.0105122 31287.2 1
0.0105518 31436.2 1
0.0105915 31585.6 1
0.0106313 31735.3 1
0.0106713 31885.5 1
0.0107113 32036.1 1
0.0107515 32187 1
0.0107917 32338.4 1
0.010832 32490.1 1
0.0108725 32642.3 1
0.010913 32794.8 1
0.0109537 32947.7 1
0.0109944 33101 1
0.0110353 33254.7 1
0.0110763 33408.8 1
0.0111173 33563.3 1
0.0111585 33718.1 1
0.0111997 33873.4 1
0.0112411 34029 1
0.0112826 34185 1
0.0113241 34341.4 1
0.0113658 34498.1 1
0.0114075 34655.3 1
0.0114494 34812.8 1
0.0114914 34970.8 1
0.0115334 35129 1
0.0115756 35287.7 1
0.0116179 35446.8 1
0.0116602 35606.2 1
0.0117027 35766 1
0.0117453 35926.2 1
0.0117879 36086.8 1
0.0118307 36247.7 1
0.0118736 36409 1
0.0119165 36570.7 1
0.0119596 36732.8 1
0.0120028 36895.2 1
0.012046 37058 1
0.0120894 37221.2 1
0.0121328 37384.7 1
0.0121764 37548.7 1
0.01222 37713 1
0.0122638 37877.6 1
0.0123076 38042.7 1
0.0123516 38208.1 1
0.0123956 38373.8 1
0.0124398 38540 1
0.012484 38706.5 1
0.0125284 38873.3 1
0.0125728 39040.5 1
0.0126174 39208.1 1
0.012662 39376.1 1
0.0127067 39544.4 1
0.0127515 39713.1 1
0.0127965 39882.2 1
0.0128415 40051.6 1
0.0128866 40221.4 1
0.0129318 40391.5 1
0.0129771 40562 1
0.0130225 40732.8 1
0.0130681 40904 1
0.0131137 41075.6 1
0.0131593 41247.5 1
0.0132051 41419.8 1
0.013251 41592.5 1
0.013297 41765.5 1
0.0133431 41938.8 1
0.0133893 42112.5 1
0.0134355 42286.6 1
0.0134819 42461 1
0.0135284 42635.8 1
0.0135749 42810.9 1
0.0136216 42986.4 1
0.0136683 43162.2 1
0.0137152 43338.4 1
0.0137621 43515 1
0.0138092 43691.8 1
0.0138563 43869.1 1
0.0139035 44046.7 1
0.0139508 44224.6 1
0.0139982 44402.9 1
0.0140457 44581.5 1
0.0140933 44760.5 1
0.014141 44939.8 1
0.0141888 45119.5 1
0.0142367 45299.5 1
0.0142847 45479.8 1
0.0143327 45660.5 1
0.0143809 45841.6 1
0.0144292 46023 1
0.0144775 46204.7 1
0.0145259 46386.8 1
0.0145745 46569.2 1
0.0146231 46752 1
0.0146718 46935.1 1
0.0147206 47118.5 1
0.0147696 47302.3 1
0.0148186 47486.4 1
0.0148676 47670.9 1
0.0149168 47855.7 1
0.0149661 48040.8 1
0.0150155 48226.3 1
0.0150649 48412.1 1
0.0151145 48598.2 1
0.0151641 48784.7 1
0.0152139 48971.5 1
0.0152637 49158.7 1
0.0153136 49346.2 1
0.0153636 49534 1
0.0154137 49722.1 1
0.0154639 49910.6 1
0.0155142 50099.5 1
0.0155646 50288.6 1
0.0156151 50478.1 1
0.0156656 50667.9 1
0.0157163 50858.1 1
0.015767 51048.5 1
0.0158179 51239.3 1
0.0158688 51430.5 1
0.0159198 51621.9 1
0.0159709 51813.7 1
0.0160221 52005.9 1
0.0160734 52198.3 1
0.0161248 52391.1 1
0.0161762 52584.2 1
0.0162278 52777.6 1
0.0162794 52971.4 1
0.0163312 53165.4 1
0.016383 53359.8 1
0.0164349 53554.6 1
0.0164869 53749.6 1
0.016539 53945 1
0.0165912 54140.7 1
0.0166435 54336.7 1
0.0166958 54533 1
0.0167483 54729.7 1
0.0168008 54926.7 1
0.0168535 55124 1
0.0169062 55321.6 1
0.016959 55519.6 1
0.0170119 55717.8 1
0.0170649 55916.4 1
0.017118 56115.3 1
0.0171711 56314.5 1
0.0172244 56514 1
0.0172777 56713.9 1
0.0173311 56914 1
0.0173847 57114.5 1
0.0174383 57315.3 1
0.017492 57515.9 0
0.0175457 57715.7 0
0.0175996 57915 0
0.0176536 58113.5 0
0.0177076 58311.4 0
0.0177617 58508.6 0
0.0178159 58705.2 0
0.0178702 58901.1 0
0.0179246 59096.4 0
0.0179791 59291 0
0.0180337 59485 0
0.0180883 59678.4 0
0.0181431 59871.1 0
0.0181979 60063.1 0
0.0182528 60254.6 0
0.0183078 60445.4 0
0.0183629 60635.5 0
0.0184181 60825.1 0
0.0184733 61014 0
0.0185287 61202.3 0
0.0185841 61390 0
0.0186396 61577.1 0
0.0186952 61763.5 0
0.0187509 61949.4 0
0.0188067 62134.6 0
0.0188626 62319.3 0
0.0189185 62503.3 0
0.0189746 62686.7 0
0.0190307 62869.6 0
0.0190869 63051.8 0
0.0191432 63233.4 0
0.0191995 63414.5 0
0.019256 63595 0
0.0193126 63774.9 0
0.0193692 63954.2 0
0.0194259 64132.9 0
0.0194827 64311 0
0.0195396 64488.6 0
0.0195966 64665.6 0
0.0196536 64842 0
0.0197108 65017.9 0
0.019768 65193.2 0
0.0198253 65367.9 0
0.0198827 65542.1 0
0.0199402 65715.7 0
0.0199977 65888.7 0
0.0200554 66061.2 0
0.0201131 66233.2 0
0.0201709 66404.6 0
0.0202288 66575.4 0
0.0202868 66745.7 0
0.0203448 66915.5 0
0.020403 67084.7 0
0.0204612 67253.4 0
0.0205195 67421.6 0
0.0205779 67589.2 0
0.0206364 67756.2 0
0.020695 67922.8 0
0.0207536 68088.8 0
0.0208124 68254.3 0
0.0208712 68419.3 0
0.0209301 68583.8 0
0.020989 68747.7 0
0.0210481 68911.1 0
0.0211072 69074 0
0.0211665 69236.4 0
0.0212258 69398.3 0
0.0212852 69559.7 0
0.0213446 69720.6 0
0.0214042 69880.9 0
0.0214638 70040.8 0
0.0215235 70200.1 0
0.0215833 70359 0
0.0216432 70517.4 0
0.0217032 70675.3 0
0.0217632 70832.7 0
0.0218234 70989.6 0
0.0218836 71146 0
0.0219439 71301.9 0
0.0220042 71457.3 0
0.0220647 71612.3 0
0.0221252 71766.8 0
0.0221858 71920.8 0
0.0222465 72074.3 0
0.0223073 72227.3 0
0.0223682 72379.9 0
0.0224291 72532 0
0.0224901 72683.7 0
0.0225512 72834.9 0
0.0226124 72985.6 0
0.0226737 73135.8 0
0.022735 73285.6 0
0.0227964 73434.9 0
0.0228579 73583.8 0
0.0229195 73732.2 0
0.0229812 73880.2 0
0.0230429 74027.7 0
0.0231047 74174.8 0
0.0231666 74321.4 0
0.0232286 74467.6 0
0.0232907 74613.3 0
0.0233528 74758.6 0
0.023415 74903.4 0
0.0234773 75047.8 0
0.0235397 75191.8 0
0.0236022 75335.4 0
0.0236647 75478.5 0
0.0237273 75621.1 0
0.02379 75763.4 0
0.0238528 75905.2 0
0.0239156 76046.6 0
0.0239786 76187.5 0
0.0240416 76328.1 0
0.0241047 76468.2 0
0.0241678 76607.9 0
0.0242311 76747.2 0
0.0242944 76886 0
0.0243578 77024.5 0
0.0244213 77162.5 0
0.0244848 77300.1 0
0.0245485 77437.4 0
0.0246122 77574.2 0
0.024676 77710.6 0
0.0247399 77846.6 0
0.0248038 77982.1 0
0.0248678 78117.3 0
0.0249319 78252.1 0
0.0249961 78386.5 0
0.0250604 78520.5 0
0.0251247 78654.1 0
0.0251891 78787.3 0
0.0252536 78920.1 0
0.0253182 79052.6 0
0.0253828 79184.6 0
0.0254475 79316.2 0
0.0255123 79447.5 0
0.0255772 79578.4 0
0.0256422 79708.9 0
0.0257072 79839 0
0.0257723 79968.7 0
0.0258375 80098.1 0
0.0259027 80227.1 0
0.025968 80355.7 0
0.0260335 80483.9 0
0.0260989 80611.7 0
0.0261645 80739.2 0
0.0262301 80866.3 0
0.0262958 80993.1 0
0.0263616 81119.5 0
0.0264275 81245.5 0
0.0264934 81371.1 0
0.0265595 81496.4 0
0.0266255 81621.3 0
0.0266917 81745.9 0
0.0267579 81870.1 0
0.0268243 81994 0
0.0268907 82117.5 0
0.0269571 82240.6 0
0.0270237 82363.4 0
0.0270903 82485.8 0
0.027157 82607.9 0
0.0272237 82729.7 0
0.0272906 82851 0
0.0273575 82972.1 0
0.0274245 83092.8 0
0.0274915 83213.1 0
0.0275587 83333.2 0
0.0276259 83452.8 0
0.0276932 83572.2 0
0.0277605 83691.2 0
0.027828 83809.8 0
0.0278955 83928.1 0
0.0279631 84046.1 0
0.0280307 84163.8 0
0.0280984 84281.1 0
0.0281663 84398.1 0
0.0282341 84514.8 0
0.0283021 84631.1 0
0.0283701 84747.1 0
0.0284382 84862.8 0
0.0285064 84978.2 0
0.0285746 85093.2 0
0.0286429 85207.9 0
0.0287113 85322.3 0
0.0287798 85436.4 0
0.0288483 85550.2 0
0.0289169 85663.6 0
0.0289856 85776.7 0
0.0290544 85889.5 0
0.0291232 86002 0
0.0291921 86114.2 0
0.0292611 86226.1 0
0.0293301 86337.7 0
0.0293992 86448.9 0
0.0294684 86559.9 0
0.0295377 86670.5 0
0.029607 86780.8 0
0.0296764 86890.9 0
0.0297459 87000.6 0
0.0298154 87110 0
0.029885 87219.2 0
0.0299547 87328 0
0.0300245 87436.5 0
0.0300943 87544.7 0
0.0301642 87652.7 0
0.0302342 87760.3 0
0.0303042 87867.7 0
0.0303744 87974.7 0
0.0304445 88081.5 0
0.0305148 88188 0
0.0305851 88294.1 0
0.0306555 88400 0
0.030726 88505.6 0
0.0307966 88611 0
0.0308672 88716 0
0.0309378 88820.7 0
0.0310086 88925.2 0
0.0310794 89029.4 0
0.0311503 89133.3 0
0.0312213 89236.9 0
0.0312923 89340.3 0
0.0313634 89443.3 0
0.0314346 89546.1 0
0.0315058 89648.6 0
0.0315772 89750.9 0
0.0316485 89852.8 0
0.03172 89954.5 0
0.0317915 90055.9 0
0.0318631 90157.1 0
0.0319348 90258 0
0.0320065 90358.6 0
0.0320783 90458.9 0
0.0321502 90559 0
0.0322221 90658.8 0
0.0322941 90758.3 0
0.0323662 90857.6 0
0.0324383 90956.6 0
0.0325105 91055.4 0
0.0325828 91153.9 0
0.0326552 91252.1 0
0.0327276 91350.1 0
0.0328001 91447.8 0
0.0328726 91545.2 0
0.0329453 91642.4 0
0.0330179 91739.4 0
0.0330907 91836.1 0
0.0331635 91932.5 0
0.0332364 92028.7 0
0.0333094 92124.6 0
0.0333824 92220.3 0
0.0334555 92315.7 0
0.0335287 92410.9 0
0.0336019 92505.8 0
0.0336752 92600.5 0
0.0337486 92694.9 0
0.033822 92789.1 0
0.0338955 92883.1 0
0.0339691 92976.8 0
0.0340427 93070.2 0
0.0341164 93163.4 0
0.0341902 93256.4 0
0.034264 93349.1 0
0.0343379 93441.6 0
0.0344119 93533.9 0
0.034486 93625.9 0
0.0345601 93717.7 0
0.0346342 93809.2 0
0.0347085 93900.5 0
0.0347828 93991.6 0
0.0348571 94082.4 0
0.0349316 94173 0
0.0350061 94263.4 0
0.0350806 94353.5 0
0.0351553 94443.4 0
0.03523 94533.1 0
0.0353047 94622.5 0
0.0353796 94711.8 0
0.0354545 94800.8 0
0.0355294 94889.5 0
0.0356044 94978.1 0
0.0356795 95066.4 0
0.0357547 95154.5 0
0.0358299 95242.3 0
0.0359052 95330 0
0.0359805 95417.4 0
0.036056 95504.6 0
0.0361314 95591.6 0
0.036207 95678.4 0
0.0362826 95764.9 0
0.0363583 95851.2 0
0.036434 95937.3 0
0.0365098 96023.2 0
0.0365857 96108.9 0
0.0366616 96194.4 0
0.0367376 96279.6 0
0.0368137 96364.6 0
0.0368898 96449.4 0
0.036966 96534 0
0.0370422 96618.4 0
0.0371186 96702.6 0
0.0371949 96786.6 0
0.0372714 96870.4 0
0.0373479 96953.9 0
0.0374244 97037.3 0
0.0375011 97120.4 0
0.0375778 97203.3 0
0.0376545 97286.1 0
0.0377314 97368.6 0
0.0378082 97450.9 0
0.0378852 97533 0
0.0379622 97614.9 0
0.0380393 97696.6 0
0.0381164 97778.2 0
0.0381936 97859.5 0
0.0382709 97940.6 0
0.0383482 98021.5 0
0.0384256 98102.2 0
0.038503 98182.7 0
0.0385805 98263 0
0.0386581 98343.1 0
0.0387358 98423 0
0.0388134 98502.8 0
0.0388912 98582.3 0
0.038969 98661.6 0
0.0390469 98740.8 0
0.0391249 98819.7 0
0.0392029 98898.5 0
0.0392809 98977 0
0.0393591 99055.4 0
0.0394372 99133.6 0
0.0395155 99211.6 0
0.0395938 99289.4 0
0.0396722 99367 0
0.0397506 99444.4 0
0.0398291 99521.7 0
0.0399077 99598.7 0
0.0399863 99675.6 0
0.040065 99752.3 0
0.0401437 99828.7 0
0.0402225 99905.1 0
0.0403014 99981.2 0
0.0403803 100057 0
0.0404592 100133 0
0.0405383 100208 0
0.0406174 100284 0
0.0406965 100359 0
0.0407758 100434 0
0.040855 100509 0
0.0409344 100584 0
0.0410138 100658 0
0.0410932 100733 0
0.0411728 100807 0
0.0412523 100881 0
0.041332 100954 0
0.0414117 101028 0
0.0414914 101101 0
0.0415712 101175 0
0.0416511 101248 0
0.041731 101321 0
0.041811 101394 0
0.0418911 101466 0
0.0419712 101539 0
0.0420514 101611 0
0.0421316 101683 0
0.0422119 101755 0
0.0422922 101826 0
0.0423726 101898 0
0.0424531 101969 0
0.0425336 102041 0
0.0426142 102112 0
0.0426948 102183 0
0.0427755 102253 0
0.0428562 102324 0
0.042937 102394 0
0.0430179 102465 0
0.0430988 102535 0
0.0431798 102604 0
0.0432608 102674 0
0.0433419 102744 0
0.0434231 102813 0
0.0435043 102882 0
0.0435855 102952 0
0.0436669 103020 0
0.0437482 103089 0
0.0438297 103158 0
0.0439112 103226 0
0.0439927 103295 0
0.0440743 103363 0
0.044156 103431 0
0.0442377 103499 0
0.0443195 103566 0
0.0444013 103634 0
0.0444832 103701 0
0.0445651 103768 0
0.0446471 103835 0
0.0447292 103902 0
0.0448113 103969 0
0.0448935 104036 0
0.0449757 104102 0
0.045058 104168 0
0.0451403 104235 0
0.0452227 104301 0
0.0453051 104366 0
0.0453876 104432 0
0.0454702 104498 0
0.0455528 104563 0
0.0456355 104628 0
0.0457182 104693 0
0.045801 104758 0
0.0458838 104823 0
0.0459667 104888 0
0.0460496 104952 0
0.0461326 105017 0
0.0462156 105081 0
0.0462987 105145 0
0.0463819 105209 0
0.0464651 105273 0
0.0465484 105336 0
0.0466317 105400 0
0.0467151 105463 0
0.0467985 105526 0
0.046882 105589 0
0.0469655 105652 0
0.0470491 105715 0
0.0471327 105778 0
0.0472164 105840 0
0.0473002 105903 0
0.047384 105965 0
0.0474678 106027 0
0.0475517 106089 0
0.0476357 106151 0
0.0477197 106212 0
0.0478038 106274 0
0.0478879 106335 0
0.047972 106396 0
0.0480563 106458 0
0.0481405 106519 0
0.0482249 106579 0
0.0483093 106640 0
0.0483937 106701 0
0.0484782 106761 0
0.0485627 106822 0
0.0486473 106882 0
0.0487319 106942 0
0.0488166 107002 0
0.0489014 107061 0
0.0489862 107121 0
0.049071 107181 0
0.0491559 107240 0
0.0492409 107299 0
0.0493259 107358 0
0.0494109 107417 0
0.049496 107476 0
0.0495812 107535 0
0.0496664 107594 0
0.0497516 107652 0
0.0498369 107711 0
0.0499223 107769 0
0.0500077 107827 0
0.0500932 107885 0
0.0501787 107943 0
0.0502642 108001 0
0.0503499 108058 0
0.0504355 108116 0
0.0505212 108173 0
0.050607 108230 0
0.0506928 108287 0
0.0507787 108344 0
0.0508646 108401 0
0.0509505 108458 0
0.0510365 108515 0
0.0511226 108571 0
0.0512087 108627 0
0.0512949 108684 0
0.0513811 108740 0
0.0514673 108796 0
0.0515536 108852 0
0.05164 108908 0
0.0517264 108963 0
0.0518129 109019 0
0.0518994 109074 0
0.0519859 109130 0
0.0520725 109185 0
0.0521592 109240 0
0.0522458 109295 0
0.0523326 109350 0
0.0524194 109404 0
0.0525062 109459 0
0.0525931 109513 0
0.0526801 109568 0
0.052767 109622 0
0.0528541 109676 0
0.0529412 109730 0
0.0530283 109784 0
0.0531155 109838 0
0.0532027 109892 0
0.05329 109945 0
0.0533773 109999 0
0.0534646 110052 0
0.0535521 110105 0
0.0536395 110158 0
0.053727 110211 0
0.0538146 110264 0
0.0539022 110317 0
0.0539898 110370 0
0.0540775 110422 0
0.0541653 110475 0
0.054253 110527 0
0.0543409 110579 0
0.0544288 110631 0
0.0545167 110683 0
0.0546047 110735 0
0.0546927 110787 0
0.0547807 110839 0
0.0548689 110890 0
0.054957 110942 0
0.0550452 110993 0
0.0551335 111044 0
0.0552218 111096 0
0.0553101 111147 0
0.0553985 111198 0
0.0554869 111248 0
0.0555754 111299 0
0.0556639 111350 0
0.0557525 111400 0
0.0558411 111451 0
0.0559297 111501 0
0.0560184 111551 0
0.0561072 111601 0
0.056196 111651 0
0.0562848 111701 0
0.0563737 111751 0
0.0564626 111801 0
0.0565516 111850 0
0.0566406 111900 0
0.0567296 111949 0
0.0568187 111999 0
0.0569079 112048 0
0.0569971 112097 0
0.0570863 112146 0
0.0571756 112195 0
0.0572649 112243 0
0.0573542 112292 0
0.0574437 112341 0
0.0575331 112389 0
0.0576226 112438 0
0.0577121 112486 0
0.0578017 112534 0
0.0578913 112582 0
0.057981 112630 0
0.0580707 112678 0
0.0581604 112726 0
0.0582502 112774 0
0.0583401 112821 0
0.05843 112869 0
0.0585199 112916 0
0.0586098 112964 0
0.0586998 113011 0
0.0587899 113058 0
0.05888 113105 0
0.0589701 113152 0
0.0590603 113199 0
0.0591505 113246 0
0.0592407 113292 0
0.059331 113339 0
0.0594214 113385 0
0.0595118 113432 0
0.0596022 113478 0
0.0596926 113524 0
0.0597832 113570 0
0.0598737 113616 0
0.0599643 113662 0
0.0600549 113708 0
0.0601456 113754 0
0.0602363 113799 0
0.060327 113845 0
0.0604178 113890 0
0.0605087 113936 0
0.0605995 113981 0
0.0606904 114026 0
0.0607814 114071 0
0.0608724 114116 0
0.0609634 114161 0
0.0610545 114206 0
0.0611456 114251 0
0.0612367 114296 0
0.0613279 114340 0
0.0614192 114385 0
0.0615104 114429 0
0.0616018 114473 0
0.0616931 114518 0
0.0617845 114562 0
0.0618759 114606 0
0.0619674 114650 0
0.0620589 114694 0
0.0621504 114737 0
0.062242 114781 0
0.0623336 114825 0
0.0624253 114868 0
0.062517 114912 0
0.0626087 114955 0
0.0627005 114998 0
0.0627923 115042 0
0.0628842 115085 0
0.0629761 115128 0
0.063068 115171 0
0.06316 115214 0
0.063252 115256 0
0.063344 115299 0
0.0634361 115342 0
0.0635282 115384 0
0.0636204 115427 0
0.0637126 115469 0
0.0638048 115511 0
0.0638971 115553 0
0.0639894 115596 0
0.0640817 115638 0
0.0641741 115680 0
0.0642665 115721 0
0.064359 115763 0
0.0644515 115805 0
0.064544 115847 0
0.0646365 115888 0
0.0647291 115930 0
0.0648218 115971 0
0.0649144 116012 0
0.0650072 116054 0
0.0650999 116095 0
0.0651927 116136 0
0.0652855 116177 0
0.0653784 116218 0
0.0654712 116259 0
0.0655642 116299 0
0.0656571 116340 0
0.0657501 116381 0
0.0658432 116421 0
0.0659362 116462 0
0.0660293 116502 0
0.0661225 116542 0
0.0662156 116582 0
0.0663088 116623 0
0.0664021 116663 0
0.0664953 116703 0
0.0665887 116743 0
0.066682 116782 0
0.0667754 116822 0
0.0668688 116862 0
0.0669622 116901 0
0.0670557 116941 0
0.0671493 116980 0
0.0672428 117020 0
0.0673364 117059 0
0.06743 117098 0
0.0675237 117138 0
0.0676173 117177 0
0.0677111 117216 0
0.0678048 117255 0
0.0678986 117294 0
0.0679924 117332 0
0.0680863 117371 0
0.0681802 117410 0
0.0682741 117448 0
0.0683681 117487 0
0.068462 117525 0
0.0685561 117564 0
0.0686501 117602 0
0.0687442 117640 0
0.0688383 117678 0
0.0689325 117716 0
0.0690266 117754 0
0.0691209 117792 0
0.0692151 117830 0
0.0693094 117868 0
0.0694037 117906 0
0.069498 117943 0
0.0695924 117981 0
0.0696868 118018 0
0.0697813 118056 0
0.0698757 118093 0
0.0699702 118131 0
0.0700648 118168 0
0.0701593 118205 0
0.0702539 118242 0
0.0703486 118279 0
0.0704432 118316 0
0.0705379 118353 0
0.0706326 118390 0
0.0707274 118427 0
0.0708222 118463 0
0.070917 118500 0
0.0710118 118536 0
0.0711067 118573 0
0.0712016 118609 0
0.0712965 118646 0
0.0713915 118682 0
0.0714865 118718 0
0.0715815 118754 0
0.0716766 118790 0
0.0717717 118826 0
0.0718668 118862 0
0.0719619 118898 0
0.0720571 118934 0
0.0721523 118970 0
0.0722475 119006 0
0.0723428 119041 0
0.0724381 119077 0
0.0725334 119112 0
0.0726288 119148 0
0.0727241 119183 0
0.0728196 119218 0
0.072915 119254 0
0.0730105 119289 0
0.073106 119324 0
0.0732015 119359 0
0.073297 119394 0
0.0733926 119429 0
0.0734882 119464 0
0.0735838 119498 0
0.0736795 119533 0
0.0737752 119568 0
0.0738709 119602 0
0.0739667 119637 0
0.0740624 119672 0
0.0741582 119706 0
0.0742541 119740 0
0.0743499 119775 0
0.0744458 119809 0
0.0745417 119843 0
0.0746377 119877 0
0.0747336 119911 0
0.0748296 119945 0
0.0749257 119979 0
0.0750217 120013 0
0.0751178 120047 0
0.0752139 120080 0
0.07531 120114 0
0.0754062 120148 0
0.0755023 120181 0
0.0755986 120215 0
0.0756948 120248 0
0.075791 120282 0
0.0758873 120315 0
0.0759836 120348 0
0.07608 120381 0
0.0761763 120415 0
0.0762727 120448 0
0.0763691 120481 0
0.0764656 120514 0
0.076562 120547 0
0.0766585 120579 0
0.076755 120612 0
0.0768516 120645 0
0.0769482 120678 0
0.0770447 120710 0
0.0771414 120743 0
0.077238 120775 0
0.0773347 120808 0
0.0774314 120840 0
0.0775281 120873 0
0.0776248 120905 0
0.0777216 120937 0
0.0778184 120969 0
0.0779152 121001 0
0.078012 121033 0
0.0781089 121065 0
0.0782057 121097 0
0.0783027 121129 0
0.0783996 121161 0
0.0784965 121193 0
0.0785935 121224 0
0.0786905 121256 0
0.0787875 121288 0
0.0788846 121319 0
0.0789817 121351 0
0.0790787 121382 0
0.0791759 121414 0
0.079273 121445 0
0.0793702 121476 0
0.0794673 121507 0
0.0795646 121538 0
0.0796618 121570 0
0.079759 121601 0
0.0798563 121632 0
0.0799536 121663 0
0.0800509 121693 0
0.0801483 121724 0
0.0802456 121755 0
0.080343 121786 0
0.0804404 121816 0
0.0805379 121847 0
0.0806353 121878 0
0.0807328 121908 0
0.0808303 121939 0
0.0809278 121969 0
0.0810253 121999 0
0.0811229 122030 0
0.0812205 122060 0
0.0813181 122090 0
0.0814157 122120 0
0.0815133 122150 0
0.081611 122180 0
0.0817087 122210 0
0.0818064 122240 0
0.0819041 122270 0
0.0820018 122300 0
0.0820996 122330 0
0.0821974 122360 0
0.0822952 122389 0
0.082393 122419 0
0.0824908 122449 0
0.0825887 122478 0
0.0826866 122508 0
0.0827845 122537 0
0.0828824 122566 0
0.0829804 122596 0
0.0830783 122625 0
0.0831763 122654 0
0.0832743 122683 0
0.0833723 122712 0
0.0834704 122742 0
0.0835684 122771 0
0.0836665 122800 0
0.0837646 122828 0
0.0838627 122857 0
0.0839608 122886 0
0.084059 122915 0
0.0841571 122944 0
0.0842553 122972 0
0.0843535 123001 0
0.0844517 123030 0
0.08455 123058 0
0.0846482 123087 0
0.0847465 123115 0
0.0848448 123143 0
0.0849431 123172 0
0.0850415 123200 0
0.0851398 123228 0
0.0852382 123257 0
0.0853365 123285 0
0.0854349 123313 0
0.0855334 123341 0
0.0856318 123369 0
0.0857302 123397 0
0.0858287 123425 0
0.0859272 123453 0
0.0860257 123480 0
0.0861242 123508 0
0.0862227 123536 0
0.0863213 123564 0
0.0864198 123591 0
0.0865184 123619 0
0.086617 123646 0
0.0867156 123674 0
0.0868143 123701 0
0.0869129 123729 0
0.0870116 123756 0
0.0871102 123783 0
0.0872089 123811 0
0.0873076 123838 0
0.0874064 123865 0
0.0875051 123892 0
0.0876039 123919 0
0.0877026 123946 0
0.0878014 123973 0
0.0879002 124000 0
0.087999 124027 0
0.0880978 124054 0
0.0881967 124081 0
0.0882955 124108 0
0.0883944 124134 0
0.0884933 124161 0
0.0885922 124188 0
0.0886911 124214 0
0.08879 124241 0
0.088889 124267 0
0.0889879 124294 0
0.0890869 124320 0
0.0891859 124346 0
0.0892849 124373 0
0.0893839 124399 0
0.0894829 124425 0
0.089582 124452 0
0.089681 124478 0
0.0897801 124504 0
0.0898791 124530 0
0.0899782 124556 0
0.0900773 124582 0
0.0901764 124608 0
0.0902756 124634 0
0.0903747 124660 0
0.0904739 124685 0
0.090573 124711 0
0.0906722 124737 0
0.0907714 124762 0
0.0908706 124788 0
0.0909698 124814 0
0.091069 124839 0
0.0911683 124865 0
0.0912675 124890 0
0.0913668 124916 0
0.0914661 124941 0
0.0915653 124966 0
0.0916646 124992 0
0.0917639 125017 0
0.0918633 125042 0
0.0919626 125067 0
0.0920619 125093 0
0.0921613 125118 0
0.0922606 125143 0
0.09236 125168 0
0.0924594 125193 0
0.0925588 125218 0
0.0926582 125242 0
0.0927576 125267 0
0.092857 125292 0
0.0929565 125317 0
0.0930559 125342 0
0.0931554 125366 0
0.0932548 125391 0
0.0933543 125416 0
0.0934538 125440 0
0.0935533 125465 0
0.0936528 125489 0
0.0937523 125514 0
0.0938518 125538 0
0.0939514 125562 0
0.0940509 125587 0
0.0941505 125611 0
0.09425 125635 0
0.0943496 125660 0
0.0944492 125684 0
0.0945488 125708 0
0.0946484 125732 0
0.094748 125756 0
0.0948476 125780 0
0.0949472 125804 0
0.0950468 125828 0
0.0951465 125852 0
0.0952461 125876 0
0.0953458 125899 0
0.0954454 125923 0
0.0955451 125947 0
0.0956448 125971 0
0.0957445 125994 0
0.0958442 126018 0
0.0959439 126042 0
0.0960436 126065 0
0.0961433 126089 0
0.096243 126112 0
0.0963427 126136 0
0.0964425 126159 0
0.0965422 126182 0
0.096642 126206 0
0.0967417 126229 0
0.0968415 126252 0
0.0969412 126276 0
0.097041 126299 0
0.0971408 126322 0
0.0972406 126345 0
0.0973404 126368 0
0.0974402 126391 0
0.09754 126414 0
0.0976398 126437 0
0.0977396 126460 0
0.0978394 126483 0
0.0979393 126506 0
0.0980391 126528 0
0.098139 126551 0
0.0982388 126574 0
0.0983386 126597 0
0.0984385 126619 0
0.0985384 126642 0
0.0986382 126665 0
0.0987381 126687 0
0.098838 126710 0
0.0989379 126732 0
0.0990377 126755 0
0.0991376 126777 0
0.0992375 126799 0
0.0993374 126822 0
0.0994373 126844 0
0.0995372 126866 0
0.0996372 126889 0
0.0997371 126911 0
0.099837 126933 0
0.0999369 126955 0
0.100037 126977 0
0.100137 126999 0
0.100237 127021 0
0.100337 127043 0
0.100437 127065 0
0.100537 127087 0
0.100636 127109 0
0.100736 127131 0
0.100836 127153 0
0.100936 127175 0
0.101036 127196 0
0.101136 127218 0
0.101236 127240 0
0.101336 127261 0
0.101436 127283 0
0.101536 127305 0
0.101636 127326 0
0.101736 127348 0
0.101836 127369 0
0.101936 127391 0
0.102036 127412 0
0.102136 127433 0
0.102236 127455 0
0.102336 127476 0
0.102436 127497 0
0.102536 127519 0
0.102636 127540 0
0.102736 127561 0
0.102836 127582 0
0.102936 127603 0
0.103036 127624 0
0.103136 127645 0
0.103236 127666 0
0.103336 127687 0
0.103436 127708 0
0.103536 127729 0
0.103636 127750 0
0.103736 127771 0
0.103836 127792 0
