0.002 0 0
0.00201 6297.99 0
0.00202705 14151.6 0
0.00204863 23270.6 0
0.00207417 33472.5 0
0.00210335 44615.7 0
0.00213599 56579.9 0
0.00217196 69258.6 0
0.00221117 82554.5 0
0.00225353 96378.4 0
0.00229898 110648 0
0.00234747 125286 0
0.00239896 140222 0
0.00245342 155392 0
0.00251081 170736 0
0.00257109 186198 0
0.00263426 201730 0
0.00270027 217287 0
0.00276913 232827 0
0.00284079 248315 0
0.00291525 263719 0
0.0029925 279010 0
0.0030725 294162 0
0.00315526 309154 0
0.00324076 323967 0
0.00332899 338584 0
0.00341993 352993 0
0.00351358 367180 0
0.00360992 381138 0
0.00370894 394857 0
0.00381063 408333 0
0.00391499 421560 0
0.004022 434535 0
0.00413166 447257 0
0.00424396 459724 0
0.00435888 471937 0
0.00447643 483895 0
0.00459659 495601 0
0.00471935 507056 0
0.00484471 518263 0
0.00497267 529225 0
0.0051032 539945 0
0.00523632 550426 0
0.005372 560674 0
0.00551024 570692 0
0.00565104 580483 0
0.00579438 590054 0
0.00594027 599408 0
0.00608869 608550 0
0.00623964 617484 0
0.00639311 626215 0
0.00654909 634749 0
0.00670758 643089 0
0.00686857 651240 0
0.00703206 659207 0
0.00719804 666995 0
0.00736649 674607 0
0.00753743 682050 0
0.00771083 689325 0
0.00788669 696439 0
0.00806501 703395 0
0.00824578 710198 0
0.00842899 716851 0
0.00861463 723358 0
0.00880271 729723 0
0.00899321 735951 0
0.00918612 742043 0
0.00938145 748006 0
0.00957918 753840 0
0.0097793 759551 0
0.00998182 765141 0
0.0101867 770614 0
0.010394 775972 0
0.0106036 781219 0
0.0108156 786357 0
0.01103 791390 0
0.0112467 796320 0
0.0114658 801150 0
0.0116872 805883 0
0.0119109 810520 0
0.0121369 815065 0
0.0123653 819520 0
0.012596 823888 0
0.0128289 828170 0
0.0130642 832368 0
0.0133018 836486 0
0.0135416 840524 0
0.0137837 844486 0
0.0140281 848372 0
0.0142747 852185 0
0.0145236 855926 0
0.0147747 859598 0
0.015028 863202 0
0.0152836 866739 0
0.0155414 870212 0
0.0158015 873622 0
0.0160637 876971 0
0.0163281 880259 0
0.0165948 883489 0
0.0168636 886662 0
0.0171345 889779 0
0.0174077 892841 0
0.017683 895850 0
0.0179605 898807 0
0.0182401 901713 0
0.0185218 904570 0
0.0188057 907378 0
0.0190917 910139 0
0.0193798 912854 0
0.01967 915524 0
0.0199623 918149 0
0.0202567 920731 0
0.0205532 923271 0
0.0208518 925770 0
0.0211524 928228 0
0.0214551 930647 0
0.0217598 933027 0
0.0220665 935370 0
0.0223753 937675 0
0.0226861 939945 0
0.022999 942179 0
0.0233138 944378 0
0.0236306 946543 0
0.0239494 948676 0
0.0242702 950775 0
0.024593 952843 0
0.0249177 954880 0
0.0252444 956886 0
0.025573 958863 0
0.0259036 960810 0
0.026236 962728 0
0.0265704 964618 0
0.0269067 966481 0
0.0272449 968317 0
0.027585 970126 0
0.027927 971909 0
0.0282708 973667 0
0.0286165 975400 0
0.0289641 977109 0
0.0293135 978794 0
0.0296647 980455 0
0.0300178 982093 0
0.0303726 983708 0
0.0307293 985301 0
0.0310878 986873 0
0.031448 988423 0
0.0318101 989952 0
0.0321739 991461 0
0.0325394 992949 0
0.0329067 994418 0
0.0332758 995867 0
0.0336465 997297 0
0.034019 998708 0
0.0343932 1.0001e+006 0
0.0347691 1.00148e+006 0
0.0351467 1.00283e+006 0
0.0355259 1.00417e+006 0
0.0359068 1.00549e+006 0
0.0362894 1.0068e+006 0
0.0366736 1.00809e+006 0
0.0370595 1.00936e+006 0
0.037447 1.01062e+006 0
0.0378361 1.01186e+006 0
0.0382268 1.01308e+006 0
0.0386191 1.0143e+006 0
0.0390129 1.01549e+006 0
0.0394084 1.01667e+006 0
0.0398054 1.01784e+006 0
0.040204 1.01899e+006 0
0.0406041 1.02013e+006 0
0.0410058 1.02125e+006 0
0.0414089 1.02236e+006 0
0.0418136 1.02346e+006 0
0.0422198 1.02455e+006 0
0.0426275 1.02562e+006 0
0.0430366 1.02668e+006 0
0.0434472 1.02772e+006 0
0.0438593 1.02876e+006 0
0.0442728 1.02978e+006 0
0.0446878 1.03079e+006 0
0.0451041 1.03179e+006 0
0.0455219 1.03278e+006 0
0.0459411 1.03376e+006 0
0.0463617 1.03472e+006 0
0.0467837 1.03568e+006 0
0.047207 1.03662e+006 0
0.0476317 1.03755e+006 0
0.0480577 1.03847e+006 0
0.0484851 1.03939e+006 0
0.0489138 1.04029e+006 0
0.0493438 1.04118e+006 0
0.0497751 1.04206e+006 0
0.0502077 1.04294e+006 0
0.0506416 1.0438e+006 0
0.0510767 1.04465e+006 0
0.0515131 1.0455e+006 0
0.0519508 1.04633e+006 0
0.0523896 1.04716e+006 0
0.0528297 1.04798e+006 0
0.053271 1.04879e+006 0
0.0537135 1.04959e+006 0
0.0541572 1.05038e+006 0
0.0546021 1.05116e+006 0
0.0550481 1.05194e+006 0
0.0554953 1.0527e+006 0
0.0559436 1.05346e+006 0
0.056393 1.05421e+006 0
0.0568436 1.05496e+006 0
0.0572953 1.05569e+006 0
0.057748 1.05642e+006 0
0.0582019 1.05714e+006 0
0.0586568 1.05785e+006 0
0.0591127 1.05856e+006 0
0.0595697 1.05926e+006 0
0.0600278 1.05995e+006 0
0.0604868 1.06064e+006 0
0.0609469 1.06131e+006 0
0.0614079 1.06199e+006 0
0.06187 1.06265e+006 0
0.062333 1.06331e+006 0
0.062797 1.06396e+006 0
0.0632619 1.0646e+006 0
0.0637277 1.06524e+006 0
0.0641945 1.06588e+006 0
0.0646622 1.0665e+006 0
0.0651308 1.06712e+006 0
0.0656003 1.06774e+006 0
0.0660706 1.06834e+006 0
0.0665418 1.06895e+006 0
0.0670139 1.06954e+006 0
0.0674868 1.07013e+006 0
0.0679605 1.07072e+006 0
0.0684351 1.0713e+006 0
0.0689104 1.07187e+006 0
0.0693865 1.07244e+006 0
0.0698634 1.073e+006 0
0.0703411 1.07356e+006 0
0.0708195 1.07412e+006 0
0.0712986 1.07466e+006 0
0.0717785 1.07521e+006 0
0.0722591 1.07574e+006 0
0.0727404 1.07628e+006 0
0.0732224 1.0768e+006 0
0.073705 1.07733e+006 0
0.0741883 1.07784e+006 0
0.0746723 1.07836e+006 0
0.0751569 1.07887e+006 0
0.0756421 1.07937e+006 0
0.0761279 1.07987e+006 0
0.0766143 1.08036e+006 0
0.0771013 1.08085e+006 0
0.0775889 1.08134e+006 0
0.0780771 1.08182e+006 0
0.0785658 1.0823e+006 0
0.079055 1.08277e+006 0
0.0795447 1.08324e+006 0
0.080035 1.08371e+006 0
0.0805257 1.08417e+006 0
0.081017 1.08462e+006 0
0.0815087 1.08508e+006 0
0.0820008 1.08552e+006 0
0.0824934 1.08597e+006 0
0.0829865 1.08641e+006 0
0.0834799 1.08685e+006 0
0.0839738 1.08728e+006 0
0.0844681 1.08771e+006 0
0.0849627 1.08813e+006 0
0.0854577 1.08856e+006 0
0.0859531 1.08897e+006 0
0.0864488 1.08939e+006 0
0.0869448 1.0898e+006 0
0.0874411 1.09021e+006 0
0.0879378 1.09061e+006 0
0.0884347 1.09101e+006 0
0.0889319 1.09141e+006 0
0.0894294 1.0918e+006 0
0.0899271 1.09219e+006 0
0.0904251 1.09258e+006 0
0.0909233 1.09297e+006 0
0.0914217 1.09335e+006 0
0.0919203 1.09372e+006 0
0.0924191 1.0941e+006 0
0.092918 1.09447e+006 0
0.0934171 1.09484e+006 0
0.0939164 1.0952e+006 0
0.0944158 1.09557e+006 0
0.0949153 1.09592e+006 0
0.0954149 1.09628e+006 0
0.0959146 1.09663e+006 0
0.0964144 1.09698e+006 0
0.0969143 1.09733e+006 0
0.0974142 1.09768e+006 0
0.0979141 1.09802e+006 0
0.0984141 1.09836e+006 0
