0.005 0 0
0.00501 848.621 0
0.00502128 1802.55 0
0.00503315 2802.39 0
0.00504548 3837.2 0
0.0050582 4901.21 0
0.00507129 5990.66 0
0.00508471 7102.8 0
0.00509843 8235.53 0
0.00511245 9387.12 0
0.00512674 9742.21 1
0.00514129 9779.77 1
0.0051561 9818.32 1
0.00517115 9857.82 1
0.00518645 9898.23 1
0.00520197 9939.54 1
0.00521772 9981.72 1
0.00523369 10024.8 1
0.00524987 10068.6 1
0.00526626 10113.3 1
0.00528286 10158.8 1
0.00529966 10205 1
0.00531666 10252.1 1
0.00533386 10299.9 1
0.00535125 10348.4 1
0.00536882 10397.7 1
0.00538659 10447.7 1
0.00540454 10498.4 1
0.00542267 10549.8 1
0.00544098 10601.9 1
0.00545947 10654.7 1
0.00547813 10708.2 1
0.00549697 10762.4 1
0.00551598 10817.2 1
0.00553516 10872.7 1
0.00555451 10928.8 1
0.00557403 10985.6 1
0.00559371 11043.1 1
0.00561356 11101.1 1
0.00563356 11159.8 1
0.00565373 11219.1 1
0.00567406 11279.1 1
0.00569455 11339.6 1
0.0057152 11400.8 1
0.005736 11462.6 1
0.00575696 11524.9 1
0.00577807 11587.9 1
0.00579934 11651.4 1
0.00582076 11715.6 1
0.00584233 11780.3 1
0.00586405 11845.6 1
0.00588592 11911.4 1
0.00590794 11977.9 1
0.0059301 12044.9 1
0.00595242 12112.5 1
0.00597487 12180.6 1
0.00599748 12249.3 1
0.00602023 12318.5 1
0.00604312 12388.3 1
0.00606616 12458.6 1
0.00608934 12529.5 1
0.00611266 12600.9 1
0.00613612 12672.9 1
0.00615972 12745.4 1
0.00618346 12818.4 1
0.00620734 12891.9 1
0.00623136 12966 1
0.00625551 13040.6 1
0.00627981 13115.7 1
0.00630424 13191.4 1
0.00632881 13267.5 1
0.00635351 13344.2 1
0.00637835 13421.4 1
0.00640332 13499 1
0.00642842 13577.2 1
0.00645366 13655.9 1
0.00647904 13735.1 1
0.00650454 13814.8 1
0.00653018 13895 1
0.00655595 13975.7 1
0.00658185 14056.8 1
0.00660788 14138.5 1
0.00663404 14220.7 1
0.00666033 14303.3 1
0.00668675 14386.4 1
0.0067133 14470 1
0.00673998 14554.1 1
0.00676679 14638.6 1
0.00679372 14723.7 1
0.00682078 14809.2 1
0.00684797 14895.2 1
0.00687529 14981.6 1
0.00690273 15068.5 1
0.0069303 15155.9 1
0.00695799 15243.7 1
0.00698581 15332.1 1
0.00701375 15420.8 1
0.00704182 15510.1 1
0.00707001 15599.7 1
0.00709833 15689.9 1
0.00712676 15780.5 1
0.00715533 15871.5 1
0.00718401 15963 1
0.00721282 16055 1
0.00724175 16147.4 1
0.0072708 16240.2 1
0.00729998 16333.5 1
0.00732927 16427.2 1
0.00735869 16521.4 1
0.00738822 16616 1
0.00741788 16711.1 1
0.00744766 16806.5 1
0.00747756 16902.5 1
0.00750757 16998.8 1
0.00753771 17095.6 1
0.00756796 17192.8 1
0.00759834 17290.5 1
0.00762883 17388.6 1
0.00765944 17487.1 1
0.00769017 17586 1
0.00772102 17685.4 1
0.00775198 17785.1 1
0.00778306 17885.3 1
0.00781426 17986 1
0.00784558 18087 1
0.00787701 18188.5 1
0.00790856 18290.3 1
0.00794022 18392.6 1
0.007972 18495.3 1
0.0080039 18598.5 1
0.00803591 18702 1
0.00806804 18805.9 1
0.00810028 18910.3 1
0.00813263 19015 1
0.0081651 19120.2 1
0.00819769 19225.8 1
0.00823039 19331.7 1
0.0082632 19438.1 1
0.00829612 19544.9 1
0.00832916 19652.1 1
0.00836232 19759.7 1
0.00839558 19867.7 1
0.00842896 19976 1
0.00846245 20084.8 1
0.00849606 20194 1
0.00852977 20303.5 1
0.0085636 20413.5 1
0.00859754 20523.9 1
0.00863159 20634.6 1
0.00866575 20745.7 1
0.00870003 20857.3 1
0.00873441 20969.2 1
0.00876891 21081.5 1
0.00880352 21194.1 1
0.00883823 21307.2 1
0.00887306 21420.7 1
0.008908 21534.5 1
0.00894305 21648.7 1
0.0089782 21763.3 1
0.00901347 21878.3 1
0.00904885 21993.7 1
0.00908433 22109.4 1
0.00911993 22225.5 1
0.00915563 22342 1
0.00919144 22458.9 1
0.00922736 22576.1 1
0.00926339 22693.7 1
0.00929953 22811.7 1
0.00933578 22930.1 1
0.00937213 23048.8 1
0.00940859 23167.9 1
0.00944516 23287.4 1
0.00948184 23407.2 1
0.00951862 23527.4 1
0.00955551 23648 1
0.00959251 23768.9 1
0.00962962 23890.2 1
0.00966683 24011.9 1
0.00970415 24133.9 1
0.00974157 24256.3 1
0.0097791 24379 1
0.00981674 24502.1 1
0.00985448 24625.6 1
0.00989233 24749.4 1
0.00993028 24873.6 1
0.00996834 24998.2 1
0.0100065 25123.1 1
0.0100448 25248.3 1
0.0100832 25373.9 1
0.0101216 25499.9 1
0.0101602 25626.2 1
0.0101989 25752.9 1
0.0102377 25879.9 1
0.0102766 26007.3 1
0.0103156 26135 1
0.0103547 26263 1
0.0103939 26391.5 1
0.0104332 26520.2 1
0.0104726 26649.3 1
0.0105122 26778.8 1
0.0105518 26908.6 1
0.0105915 27038.7 1
0.0106313 27169.2 1
0.0106713 27300 1
0.0107113 27431.2 1
0.0107515 27562.7 1
0.0107917 27694.6 1
0.010832 27826.8 1
0.0108725 27959.3 1
0.010913 28092.2 1
0.0109537 28225.4 1
0.0109944 28358.9 1
0.0110353 28492.8 1
0.0110763 28627 1
0.0111173 28761.6 1
0.0111585 28896.5 1
0.0111997 29031.7 1
0.0112411 29167.2 1
0.0112826 29303.1 1
0.0113241 29439.3 1
0.0113658 29575.9 1
0.0114075 29712.8 1
0.0114494 29850 1
0.0114914 29987.5 1
0.0115334 30125.4 1
0.0115756 30263.6 1
0.0116179 30402.1 1
0.0116602 30540.9 1
0.0117027 30680.1 1
0.0117453 30819.6 1
0.0117879 30959.4 1
0.0118307 31099.5 1
0.0118736 31240 1
0.0119165 31380.8 1
0.0119596 31521.9 1
0.0120028 31663.3 1
0.012046 31805 1
0.0120894 31947.1 1
0.0121328 32089.5 1
0.0121764 32232.2 1
0.01222 32375.2 1
0.0122638 32518.5 1
0.0123076 32662.2 1
0.0123516 32806.2 1
0.0123956 32950.4 1
0.0124398 33095 1
0.012484 33239.9 1
0.0125284 33385.2 1
0.0125728 33530.7 1
0.0126174 33676.5 1
0.012662 33822.7 1
0.0127067 33969.2 1
0.0127515 34116 1
0.0127965 34263 1
0.0128415 34410.4 1
0.0128866 34558.1 1
0.0129318 34706.2 1
0.0129771 34854.5 1
0.0130225 35003.1 1
0.0130681 35152 1
0.0131137 35301.3 1
0.0131593 35450.8 1
0.0132051 35600.7 1
0.013251 35750.8 1
0.013297 35901.3 1
0.0133431 36052 1
0.0133893 36203.1 1
0.0134355 36354.4 1
0.0134819 36506.1 1
0.0135284 36658 1
0.0135749 36810.3 1
0.0136216 36962.9 1
0.0136683 37115.7 1
0.0137152 37268.9 1
0.0137621 37422.3 1
0.0138092 37576.1 1
0.0138563 37730.1 1
0.0139035 37884.4 1
0.0139508 38039.1 1
0.0139982 38194 1
0.0140457 38349.2 1
0.0140933 38504.7 1
0.014141 38660.6 1
0.0141888 38816.7 1
0.0142367 38973 1
0.0142847 39129.7 1
0.0143327 39286.7 1
0.0143809 39444 1
0.0144292 39601.5 1
0.0144775 39759.4 1
0.0145259 39917.5 1
0.0145745 40075.9 1
0.0146231 40234.6 1
0.0146718 40393.6 1
0.0147206 40552.9 1
0.0147696 40712.5 1
0.0148186 40872.3 1
0.0148676 41032.5 1
0.0149168 41192.9 1
0.0149661 41353.6 1
0.0150155 41514.6 1
0.0150649 41675.9 1
0.0151145 41837.4 1
0.0151641 41999.2 1
0.0152139 42161.4 1
0.0152637 42323.8 1
0.0153136 42486.4 1
0.0153636 42649.4 1
0.0154137 42812.6 1
0.0154639 42976.2 1
0.0155142 43139.9 1
0.0155646 43304 1
0.0156151 43468.4 1
0.0156656 43633 1
0.0157163 43797.9 1
0.015767 43963.1 1
0.0158179 44128.5 1
0.0158688 44294.3 1
0.0159198 44460.3 1
0.0159709 44626.5 1
0.0160221 44793.1 1
0.0160734 44959.9 1
0.0161248 45127 1
0.0161762 45294.4 1
0.0162278 45462 1
0.0162794 45629.9 1
0.0163312 45798.1 1
0.016383 45966.6 1
0.0164349 46135.3 1
0.0164869 46304.3 1
0.016539 46473.5 1
0.0165912 46643.1 1
0.0166435 46812.8 1
0.0166958 46982.9 1
0.0167483 47153.2 1
0.0168008 47323.8 1
0.0168535 47494.7 1
0.0169062 47665.8 1
0.016959 47837.2 1
0.0170119 48008.8 1
0.0170649 48180.8 1
0.017118 48352.9 1
0.0171711 48525.4 1
0.0172244 48698.1 1
0.0172777 48871.1 1
0.0173311 49044.3 1
0.0173847 49217.8 1
0.0174383 49391.5 1
0.017492 49565.5 1
0.0175457 49739.8 1
0.0175996 49914.3 1
0.0176536 50089.1 1
0.0177076 50264.2 1
0.0177617 50439.5 1
0.0178159 50615 1
0.0178702 50790.8 1
0.0179246 50966.9 1
0.0179791 51143.3 1
0.0180337 51319.8 1
0.0180883 51496.7 1
0.0181431 51673.8 1
0.0181979 51851.1 1
0.0182528 52028.7 1
0.0183078 52206.6 1
0.0183629 52384.7 1
0.0184181 52563.1 1
0.0184733 52741.7 1
0.0185287 52920.5 1
0.0185841 53099.7 1
0.0186396 53279 1
0.0186952 53458.6 1
0.0187509 53638.5 1
0.0188067 53818.6 1
0.0188626 53999 1
0.0189185 54179.6 1
0.0189746 54360.5 1
0.0190307 54541.6 1
0.0190869 54722.9 1
0.0191432 54904.5 1
0.0191995 55086.4 1
0.019256 55268.5 1
0.0193126 55450.8 1
0.0193692 55633.4 1
0.0194259 55816.2 1
0.0194827 55999.3 1
0.0195396 56182.6 1
0.0195966 56366.2 1
0.0196536 56550 1
0.0197108 56734 1
0.019768 56918.3 1
0.0198253 57102.9 1
0.0198827 57287.6 1
0.0199402 57472.7 1
0.0199977 57657.9 1
0.0200554 57843.4 1
0.0201131 58029.1 1
0.0201709 58215.1 1
0.0202288 58401.3 1
0.0202868 58587.8 1
0.0203448 58774.4 1
0.020403 58961.4 1
0.0204612 59148.5 1
0.0205195 59335.9 1
0.0205779 59523.6 1
0.0206364 59711.4 1
0.020695 59899.5 1
0.0207536 60087.9 1
0.0208124 60276.4 1
0.0208712 60465.2 1
0.0209301 60654.3 1
0.020989 60843.6 1
0.0210481 61033.1 1
0.0211072 61222.8 1
0.0211665 61412.8 1
0.0212258 61603 1
0.0212852 61793.4 1
0.0213446 61984.1 1
0.0214042 62175 1
0.0214638 62366.1 1
0.0215235 62557.4 1
0.0215833 62749 1
0.0216432 62940.8 1
0.0217032 63132.9 1
0.0217632 63325.1 1
0.0218234 63517.6 1
0.0218836 63710.4 1
0.0219439 63903.3 1
0.0220042 64096.5 1
0.0220647 64289.9 1
0.0221252 64483.5 1
0.0221858 64677.3 1
0.0222465 64871.4 1
0.0223073 65065.7 1
0.0223682 65260.2 1
0.0224291 65455 1
0.0224901 65650 1
0.0225512 65845.2 1
0.0226124 66040.6 1
0.0226737 66236.2 1
0.022735 66432.1 1
0.0227964 66628.1 1
0.0228579 66824.4 1
0.0229195 67021 1
0.0229812 67217.7 1
0.0230429 67414.6 1
0.0231047 67611.8 1
0.0231666 67809.2 1
0.0232286 68006.8 1
0.0232907 68204.7 1
0.0233528 68402.7 1
0.023415 68601 1
0.0234773 68799.5 1
0.0235397 68998.2 1
0.0236022 69197.1 1
0.0236647 69396.2 1
0.0237273 69595.6 1
0.02379 69795.1 1
0.0238528 69994.9 1
0.0239156 70194.9 1
0.0239786 70395.1 1
0.0240416 70595.5 1
0.0241047 70796.1 1
0.0241678 70997 1
0.0242311 71198 1
0.0242944 71399.3 1
0.0243578 71600.7 1
0.0244213 71802.4 1
0.0244848 72004.3 1
0.0245485 72206.4 1
0.0246122 72408.7 1
0.024676 72611.3 1
0.0247399 72814 1
0.0248038 73016.9 1
0.0248678 73220.1 1
0.0249319 73423.4 1
0.0249961 73627 1
0.0250604 73830.8 1
0.0251247 74034.7 1
0.0251891 74238.9 1
0.0252536 74443.3 1
0.0253182 74647.9 1
0.0253828 74852.7 1
0.0254475 75057.7 1
0.0255123 75262.9 1
0.0255772 75468.3 1
0.0256422 75673.9 1
0.0257072 75879.8 1
0.0257723 76085.8 1
0.0258375 76292 1
0.0259027 76498.4 1
0.025968 76705.1 1
0.0260335 76911.9 1
0.0260989 77118.9 1
0.0261645 77326.1 1
0.0262301 77533.6 1
0.0262958 77741.2 1
0.0263616 77949 1
0.0264275 78157 1
0.0264934 78365.3 1
0.0265595 78573.7 1
0.0266255 78782.3 1
0.0266917 78991.1 1
0.0267579 79200.1 1
0.0268243 79409.3 1
0.0268907 79618.7 1
0.0269571 79828.4 1
0.0270237 80038.1 1
0.0270903 80248.1 1
0.027157 80458.3 1
0.0272237 80668.7 1
0.0272906 80879.3 1
0.0273575 81090 1
0.0274245 81301 1
0.0274915 81512.2 1
0.0275587 81723.5 1
0.0276259 81935 1
0.0276932 82146.8 1
0.0277605 82358.7 1
0.027828 82570.8 1
0.0278955 82783.1 1
0.0279631 82995.6 1
0.0280307 83208.3 1
0.0280984 83421.2 1
0.0281663 83634.2 1
0.0282341 83847.5 1
0.0283021 84060.9 1
0.0283701 84274.5 1
0.0284382 84488.3 1
0.0285064 84702.3 1
0.0285746 84916.5 1
0.0286429 85130.9 1
0.0287113 85345.5 1
0.0287798 85560.2 1
0.0288483 85775.1 1
0.0289169 85990.3 1
0.0289856 86205.6 1
0.0290544 86421 1
0.0291232 86636.7 1
0.0291921 86852.6 1
0.0292611 87068.6 1
0.0293301 87284.8 1
0.0293992 87501.2 1
0.0294684 87717.8 1
0.0295377 87934.5 1
0.029607 88151.5 1
0.0296764 88368.6 1
0.0297459 88585.9 1
0.0298154 88803.4 1
0.029885 89021.1 1
0.0299547 89238.9 1
0.0300245 89456.9 1
0.0300943 89675.1 1
0.0301642 89893.5 1
0.0302342 90112.1 1
0.0303042 90330.8 1
0.0303744 90549.7 1
0.0304445 90768.8 1
0.0305148 90988.1 1
0.0305851 91207.5 1
0.0306555 91427.1 1
0.030726 91646.9 1
0.0307966 91866.9 1
0.0308672 92087 1
0.0309378 92307.3 1
0.0310086 92527.8 1
0.0310794 92748.5 1
0.0311503 92969.3 1
0.0312213 93190.3 1
0.0312923 93411.5 1
0.0313634 93632.9 1
0.0314346 93854.4 1
0.0315058 94076.1 1
0.0315772 94297.9 1
0.0316485 94520 1
0.03172 94742.2 1
0.0317915 94964.6 1
0.0318631 95187.1 1
0.0319348 95409.8 1
0.0320065 95632.7 1
0.0320783 95855.7 1
0.0321502 96079 1
0.0322221 96302.3 1
0.0322941 96525.9 1
0.0323662 96749.6 1
0.0324383 96973.5 1
0.0325105 97197.6 1
0.0325828 97421.8 1
0.0326552 97646.2 1
0.0327276 97870.7 1
0.0328001 98095.4 1
0.0328726 98320.3 1
0.0329453 98545.3 1
0.0330179 98770.5 1
0.0330907 98995.9 1
0.0331635 99221.4 1
0.0332364 99447.1 1
0.0333094 99673 1
0.0333824 99899 1
0.0334555 100125 1
0.0335287 100352 1
0.0336019 100578 1
0.0336752 100805 1
0.0337486 101032 1
0.033822 101258 1
0.0338955 101486 1
0.0339691 101713 1
0.0340427 101940 1
0.0341164 102168 1
0.0341902 102396 1
0.034264 102624 1
0.0343379 102852 1
0.0344119 103080 1
0.034486 103308 1
0.0345601 103537 1
0.0346342 103766 1
0.0347085 103995 1
0.0347828 104224 1
0.0348571 104453 1
0.0349316 104682 1
0.0350061 104912 1
0.0350806 105141 1
0.0351553 105371 1
0.03523 105601 1
0.0353047 105831 1
0.0353796 106061 1
0.0354545 106292 1
0.0355294 106522 1
0.0356044 106753 1
0.0356795 106984 1
0.0357547 107215 1
0.0358299 107446 1
0.0359052 107677 1
0.0359805 107909 1
0.036056 108140 1
0.0361314 108372 1
0.036207 108604 1
0.0362826 108836 1
0.0363583 109068 1
0.036434 109300 1
0.0365098 109533 1
0.0365857 109766 1
0.0366616 109998 1
0.0367376 110231 1
0.0368137 110464 1
0.0368898 110697 1
0.036966 110931 1
0.0370422 111164 1
0.0371186 111398 1
0.0371949 111632 1
0.0372714 111866 1
0.0373479 112100 1
0.0374244 112334 1
0.0375011 112568 1
0.0375778 112803 1
0.0376545 113037 1
0.0377314 113272 1
0.0378082 113507 1
0.0378852 113742 1
0.0379622 113977 1
0.0380393 114213 1
0.0381164 114448 1
0.0381936 114684 1
0.0382709 114920 1
0.0383482 115155 1
0.0384256 115391 1
0.038503 115628 1
0.0385805 115864 1
0.0386581 116100 1
0.0387358 116337 1
0.0388134 116574 1
0.0388912 116810 1
0.038969 117047 1
0.0390469 117285 1
0.0391249 117521 0
0.0392029 117758 0
0.0392809 117993 0
0.0393591 118228 0
0.0394372 118463 0
0.0395155 118697 0
0.0395938 118930 0
0.0396722 119163 0
0.0397506 119395 0
0.0398291 119627 0
0.0399077 119858 0
0.0399863 120089 0
0.040065 120319 0
0.0401437 120548 0
0.0402225 120777 0
0.0403014 121006 0
0.0403803 121234 0
0.0404592 121461 0
0.0405383 121688 0
0.0406174 121914 0
0.0406965 122140 0
0.0407758 122365 0
0.040855 122589 0
0.0409344 122813 0
0.0410138 123037 0
0.0410932 123260 0
0.0411728 123482 0
0.0412523 123704 0
0.041332 123926 0
0.0414117 124146 0
0.0414914 124367 0
0.0415712 124587 0
0.0416511 124806 0
0.041731 125025 0
0.041811 125243 0
0.0418911 125461 0
0.0419712 125678 0
0.0420514 125895 0
0.0421316 126111 0
0.0422119 126326 0
0.0422922 126542 0
0.0423726 126756 0
0.0424531 126970 0
0.0425336 127184 0
0.0426142 127397 0
0.0426948 127610 0
0.0427755 127822 0
0.0428562 128034 0
0.042937 128245 0
0.0430179 128456 0
0.0430988 128666 0
0.0431798 128876 0
0.0432608 129085 0
0.0433419 129294 0
0.0434231 129502 0
0.0435043 129710 0
0.0435855 129917 0
0.0436669 130124 0
0.0437482 130330 0
0.0438297 130536 0
0.0439112 130741 0
0.0439927 130946 0
0.0440743 131151 0
0.044156 131355 0
0.0442377 131558 0
0.0443195 131761 0
0.0444013 131964 0
0.0444832 132166 0
0.0445651 132367 0
0.0446471 132568 0
0.0447292 132769 0
0.0448113 132969 0
0.0448935 133169 0
0.0449757 133369 0
0.045058 133567 0
0.0451403 133766 0
0.0452227 133964 0
0.0453051 134161 0
0.0453876 134358 0
0.0454702 134555 0
0.0455528 134751 0
0.0456355 134947 0
0.0457182 135142 0
0.045801 135337 0
0.0458838 135531 0
0.0459667 135725 0
0.0460496 135919 0
0.0461326 136112 0
0.0462156 136305 0
0.0462987 136497 0
0.0463819 136688 0
0.0464651 136880 0
0.0465484 137071 0
0.0466317 137261 0
0.0467151 137451 0
0.0467985 137641 0
0.046882 137830 0
0.0469655 138019 0
0.0470491 138207 0
0.0471327 138395 0
0.0472164 138583 0
0.0473002 138770 0
0.047384 138956 0
0.0474678 139143 0
0.0475517 139329 0
0.0476357 139514 0
0.0477197 139699 0
0.0478038 139884 0
0.0478879 140068 0
0.047972 140252 0
0.0480563 140435 0
0.0481405 140618 0
0.0482249 140801 0
0.0483093 140983 0
0.0483937 141164 0
0.0484782 141346 0
0.0485627 141527 0
0.0486473 141707 0
0.0487319 141888 0
0.0488166 142067 0
0.0489014 142247 0
0.0489862 142426 0
0.049071 142604 0
0.0491559 142782 0
0.0492409 142960 0
0.0493259 143138 0
0.0494109 143315 0
0.049496 143491 0
0.0495812 143668 0
0.0496664 143843 0
0.0497516 144019 0
0.0498369 144194 0
0.0499223 144369 0
0.0500077 144543 0
0.0500932 144717 0
0.0501787 144891 0
0.0502642 145064 0
0.0503499 145237 0
0.0504355 145409 0
0.0505212 145581 0
0.050607 145753 0
0.0506928 145924 0
0.0507787 146095 0
0.0508646 146266 0
0.0509505 146436 0
0.0510365 146606 0
0.0511226 146776 0
0.0512087 146945 0
0.0512949 147113 0
0.0513811 147282 0
0.0514673 147450 0
0.0515536 147618 0
0.05164 147785 0
0.0517264 147952 0
0.0518129 148119 0
0.0518994 148285 0
0.0519859 148451 0
0.0520725 148616 0
0.0521592 148782 0
0.0522458 148946 0
0.0523326 149111 0
0.0524194 149275 0
0.0525062 149439 0
0.0525931 149602 0
0.0526801 149765 0
0.052767 149928 0
0.0528541 150091 0
0.0529412 150253 0
0.0530283 150414 0
0.0531155 150576 0
0.0532027 150737 0
0.05329 150897 0
0.0533773 151058 0
0.0534646 151218 0
0.0535521 151378 0
0.0536395 151537 0
0.053727 151696 0
0.0538146 151855 0
0.0539022 152013 0
0.0539898 152171 0
0.0540775 152329 0
0.0541653 152486 0
0.054253 152643 0
0.0543409 152800 0
0.0544288 152956 0
0.0545167 153112 0
0.0546047 153268 0
0.0546927 153423 0
0.0547807 153578 0
0.0548689 153733 0
0.054957 153888 0
0.0550452 154042 0
0.0551335 154196 0
0.0552218 154349 0
0.0553101 154502 0
0.0553985 154655 0
0.0554869 154807 0
0.0555754 154960 0
0.0556639 155112 0
0.0557525 155263 0
0.0558411 155414 0
0.0559297 155565 0
0.0560184 155716 0
0.0561072 155866 0
0.056196 156016 0
0.0562848 156166 0
0.0563737 156315 0
0.0564626 156465 0
0.0565516 156613 0
0.0566406 156762 0
0.0567296 156910 0
0.0568187 157058 0
0.0569079 157205 0
0.0569971 157353 0
0.0570863 157500 0
0.0571756 157646 0
0.0572649 157793 0
0.0573542 157939 0
0.0574437 158085 0
0.0575331 158230 0
0.0576226 158375 0
0.0577121 158520 0
0.0578017 158665 0
0.0578913 158809 0
0.057981 158953 0
0.0580707 159097 0
0.0581604 159240 0
0.0582502 159383 0
0.0583401 159526 0
0.05843 159669 0
0.0585199 159811 0
0.0586098 159953 0
0.0586998 160095 0
0.0587899 160236 0
0.05888 160377 0
0.0589701 160518 0
0.0590603 160659 0
0.0591505 160799 0
0.0592407 160939 0
0.059331 161079 0
0.0594214 161218 0
0.0595118 161357 0
0.0596022 161496 0
0.0596926 161635 0
0.0597832 161773 0
0.0598737 161911 0
0.0599643 162049 0
0.0600549 162186 0
0.0601456 162324 0
0.0602363 162460 0
0.060327 162597 0
0.0604178 162734 0
0.0605087 162870 0
0.0605995 163006 0
0.0606904 163141 0
0.0607814 163276 0
0.0608724 163412 0
0.0609634 163546 0
0.0610545 163681 0
0.0611456 163815 0
0.0612367 163949 0
0.0613279 164083 0
0.0614192 164216 0
0.0615104 164349 0
0.0616018 164482 0
0.0616931 164615 0
0.0617845 164747 0
0.0618759 164880 0
0.0619674 165012 0
0.0620589 165143 0
0.0621504 165275 0
0.062242 165406 0
0.0623336 165537 0
0.0624253 165667 0
0.062517 165797 0
0.0626087 165928 0
0.0627005 166057 0
0.0627923 166187 0
0.0628842 166316 0
0.0629761 166445 0
0.063068 166574 0
0.06316 166703 0
0.063252 166831 0
0.063344 166959 0
0.0634361 167087 0
0.0635282 167215 0
0.0636204 167342 0
0.0637126 167469 0
0.0638048 167596 0
0.0638971 167723 0
0.0639894 167849 0
0.0640817 167975 0
0.0641741 168101 0
0.0642665 168226 0
0.064359 168352 0
0.0644515 168477 0
0.064544 168602 0
0.0646365 168727 0
0.0647291 168851 0
0.0648218 168975 0
0.0649144 169099 0
0.0650072 169223 0
0.0650999 169346 0
0.0651927 169469 0
0.0652855 169592 0
0.0653784 169715 0
0.0654712 169838 0
0.0655642 169960 0
0.0656571 170082 0
0.0657501 170204 0
0.0658432 170326 0
0.0659362 170447 0
0.0660293 170568 0
0.0661225 170689 0
0.0662156 170810 0
0.0663088 170930 0
0.0664021 171050 0
0.0664953 171170 0
0.0665887 171290 0
0.066682 171409 0
0.0667754 171529 0
0.0668688 171648 0
0.0669622 171767 0
0.0670557 171885 0
0.0671493 172004 0
0.0672428 172122 0
0.0673364 172240 0
0.06743 172357 0
0.0675237 172475 0
0.0676173 172592 0
0.0677111 172709 0
0.0678048 172826 0
0.0678986 172943 0
0.0679924 173059 0
0.0680863 173175 0
0.0681802 173291 0
0.0682741 173407 0
0.0683681 173523 0
0.068462 173638 0
0.0685561 173753 0
0.0686501 173868 0
0.0687442 173983 0
0.0688383 174097 0
0.0689325 174211 0
0.0690266 174325 0
0.0691209 174439 0
0.0692151 174553 0
0.0693094 174666 0
0.0694037 174779 0
0.069498 174892 0
0.0695924 175005 0
0.0696868 175117 0
0.0697813 175230 0
0.0698757 175342 0
0.0699702 175454 0
0.0700648 175566 0
0.0701593 175677 0
0.0702539 175788 0
0.0703486 175899 0
0.0704432 176010 0
0.0705379 176121 0
0.0706326 176232 0
0.0707274 176342 0
0.0708222 176452 0
0.070917 176562 0
0.0710118 176671 0
0.0711067 176781 0
0.0712016 176890 0
0.0712965 176999 0
0.0713915 177108 0
0.0714865 177217 0
0.0715815 177325 0
0.0716766 177433 0
0.0717717 177541 0
0.0718668 177649 0
0.0719619 177757 0
0.0720571 177865 0
0.0721523 177972 0
0.0722475 178079 0
0.0723428 178186 0
0.0724381 178292 0
0.0725334 178399 0
0.0726288 178505 0
0.0727241 178611 0
0.0728196 178717 0
0.072915 178823 0
0.0730105 178928 0
0.073106 179034 0
0.0732015 179139 0
0.073297 179244 0
0.0733926 179349 0
0.0734882 179453 0
0.0735838 179558 0
0.0736795 179662 0
0.0737752 179766 0
0.0738709 179870 0
0.0739667 179973 0
0.0740624 180077 0
0.0741582 180180 0
0.0742541 180283 0
0.0743499 180386 0
0.0744458 180489 0
0.0745417 180591 0
0.0746377 180694 0
0.0747336 180796 0
0.0748296 180898 0
0.0749257 180999 0
0.0750217 181101 0
0.0751178 181202 0
0.0752139 181304 0
0.07531 181405 0
0.0754062 181506 0
0.0755023 181606 0
0.0755986 181707 0
0.0756948 181807 0
0.075791 181907 0
0.0758873 182007 0
0.0759836 182107 0
0.07608 182207 0
0.0761763 182306 0
0.0762727 182405 0
0.0763691 182504 0
0.0764656 182603 0
0.076562 182702 0
0.0766585 182801 0
0.076755 182899 0
0.0768516 182997 0
0.0769482 183095 0
0.0770447 183193 0
0.0771414 183291 0
0.077238 183388 0
0.0773347 183486 0
0.0774314 183583 0
0.0775281 183680 0
0.0776248 183777 0
0.0777216 183873 0
0.0778184 183970 0
0.0779152 184066 0
0.078012 184162 0
0.0781089 184258 0
0.0782057 184354 0
0.0783027 184450 0
0.0783996 184545 0
0.0784965 184640 0
0.0785935 184736 0
0.0786905 184830 0
0.0787875 184925 0
0.0788846 185020 0
0.0789817 185114 0
0.0790787 185209 0
0.0791759 185303 0
0.079273 185397 0
0.0793702 185491 0
0.0794673 185584 0
0.0795646 185678 0
0.0796618 185771 0
0.079759 185864 0
0.0798563 185957 0
0.0799536 186050 0
0.0800509 186143 0
0.0801483 186235 0
0.0802456 186328 0
0.080343 186420 0
0.0804404 186512 0
0.0805379 186604 0
0.0806353 186695 0
0.0807328 186787 0
0.0808303 186878 0
0.0809278 186969 0
0.0810253 187061 0
0.0811229 187151 0
0.0812205 187242 0
0.0813181 187333 0
0.0814157 187423 0
0.0815133 187514 0
0.081611 187604 0
0.0817087 187694 0
0.0818064 187783 0
0.0819041 187873 0
0.0820018 187963 0
0.0820996 188052 0
0.0821974 188141 0
0.0822952 188230 0
0.082393 188319 0
0.0824908 188408 0
0.0825887 188496 0
0.0826866 188585 0
0.0827845 188673 0
0.0828824 188761 0
0.0829804 188849 0
0.0830783 188937 0
0.0831763 189025 0
0.0832743 189112 0
0.0833723 189200 0
0.0834704 189287 0
0.0835684 189374 0
0.0836665 189461 0
0.0837646 189548 0
0.0838627 189634 0
0.0839608 189721 0
0.084059 189807 0
0.0841571 189893 0
0.0842553 189979 0
0.0843535 190065 0
0.0844517 190151 0
0.08455 190237 0
0.0846482 190322 0
0.0847465 190407 0
0.0848448 190493 0
0.0849431 190578 0
0.0850415 190663 0
0.0851398 190747 0
0.0852382 190832 0
0.0853365 190916 0
0.0854349 191001 0
0.0855334 191085 0
0.0856318 191169 0
0.0857302 191253 0
0.0858287 191336 0
0.0859272 191420 0
0.0860257 191504 0
0.0861242 191587 0
0.0862227 191670 0
0.0863213 191753 0
0.0864198 191836 0
0.0865184 191919 0
0.086617 192001 0
0.0867156 192084 0
0.0868143 192166 0
0.0869129 192248 0
0.0870116 192330 0
0.0871102 192412 0
0.0872089 192494 0
0.0873076 192576 0
0.0874064 192657 0
0.0875051 192739 0
0.0876039 192820 0
0.0877026 192901 0
0.0878014 192982 0
0.0879002 193063 0
0.087999 193144 0
0.0880978 193224 0
0.0881967 193305 0
0.0882955 193385 0
0.0883944 193465 0
0.0884933 193545 0
0.0885922 193625 0
0.0886911 193705 0
0.08879 193784 0
0.088889 193864 0
0.0889879 193943 0
0.0890869 194023 0
0.0891859 194102 0
0.0892849 194181 0
0.0893839 194259 0
0.0894829 194338 0
0.089582 194417 0
0.089681 194495 0
0.0897801 194574 0
0.0898791 194652 0
0.0899782 194730 0
0.0900773 194808 0
0.0901764 194886 0
0.0902756 194963 0
0.0903747 195041 0
0.0904739 195118 0
0.090573 195196 0
0.0906722 195273 0
0.0907714 195350 0
0.0908706 195427 0
0.0909698 195503 0
0.091069 195580 0
0.0911683 195657 0
0.0912675 195733 0
0.0913668 195809 0
0.0914661 195885 0
0.0915653 195962 0
0.0916646 196037 0
0.0917639 196113 0
0.0918633 196189 0
0.0919626 196264 0
0.0920619 196340 0
0.0921613 196415 0
0.0922606 196490 0
0.09236 196565 0
0.0924594 196640 0
0.0925588 196715 0
0.0926582 196790 0
0.0927576 196864 0
0.092857 196939 0
0.0929565 197013 0
0.0930559 197087 0
0.0931554 197161 0
0.0932548 197235 0
0.0933543 197309 0
0.0934538 197383 0
0.0935533 197456 0
0.0936528 197530 0
0.0937523 197603 0
0.0938518 197676 0
0.0939514 197749 0
0.0940509 197822 0
0.0941505 197895 0
0.09425 197968 0
0.0943496 198041 0
0.0944492 198113 0
0.0945488 198186 0
0.0946484 198258 0
0.094748 198330 0
0.0948476 198402 0
0.0949472 198474 0
0.0950468 198546 0
0.0951465 198618 0
0.0952461 198689 0
0.0953458 198761 0
0.0954454 198832 0
0.0955451 198903 0
0.0956448 198974 0
0.0957445 199045 0
0.0958442 199116 0
0.0959439 199187 0
0.0960436 199258 0
0.0961433 199328 0
0.096243 199399 0
0.0963427 199469 0
0.0964425 199539 0
0.0965422 199609 0
0.096642 199679 0
0.0967417 199749 0
0.0968415 199819 0
0.0969412 199889 0
0.097041 199958 0
0.0971408 200028 0
0.0972406 200097 0
0.0973404 200166 0
0.0974402 200235 0
0.09754 200304 0
0.0976398 200373 0
0.0977396 200442 0
0.0978394 200511 0
0.0979393 200579 0
0.0980391 200648 0
0.098139 200716 0
0.0982388 200784 0
0.0983386 200852 0
0.0984385 200920 0
0.0985384 200988 0
0.0986382 201056 0
0.0987381 201124 0
0.098838 201191 0
0.0989379 201259 0
0.0990377 201326 0
0.0991376 201393 0
0.0992375 201461 0
0.0993374 201528 0
0.0994373 201595 0
0.0995372 201661 0
0.0996372 201728 0
0.0997371 201795 0
0.099837 201861 0
0.0999369 201928 0
0.100037 201994 0
0.100137 202060 0
0.100237 202126 0
0.100337 202192 0
0.100437 202258 0
0.100537 202324 0
0.100636 202390 0
0.100736 202455 0
0.100836 202521 0
0.100936 202586 0
0.101036 202651 0
0.101136 202716 0
0.101236 202781 0
0.101336 202846 0
0.101436 202911 0
0.101536 202976 0
0.101636 203041 0
0.101736 203105 0
0.101836 203170 0
0.101936 203234 0
0.102036 203298 0
0.102136 203362 0
0.102236 203426 0
0.102336 203490 0
0.102436 203554 0
0.102536 203618 0
0.102636 203682 0
0.102736 203745 0
0.102836 203809 0
0.102936 203872 0
0.103036 203935 0
0.103136 203998 0
0.103236 204061 0
0.103336 204124 0
0.103436 204187 0
0.103536 204250 0
0.103636 204313 0
0.103736 204375 0
0.103836 204438 0
