0.01 0 0
0.01001 276.31 0
0.0100213 296.117 1
0.0100332 318.669 1
0.0100456 342.901 1
0.0100584 368.546 1
0.0100716 395.451 1
0.0100851 423.514 1
0.0100989 452.66 1
0.0101131 482.83 1
0.0101275 513.979 1
0.0101422 546.067 1
0.0101571 579.062 1
0.0101723 612.934 1
0.0101878 647.66 1
0.0102035 683.218 1
0.0102194 719.588 1
0.0102355 756.753 1
0.0102519 794.698 1
0.0102685 833.407 1
0.0102853 872.867 1
0.0103023 913.068 1
0.0103195 953.996 1
0.0103369 995.642 1
0.0103546 1038 1
0.0103724 1081.05 1
0.0103904 1124.79 1
0.0104086 1169.22 1
0.010427 1214.32 1
0.0104455 1260.09 1
0.0104643 1306.51 1
0.0104832 1353.6 1
0.0105023 1401.33 1
0.0105216 1449.7 1
0.0105411 1498.71 1
0.0105608 1548.35 1
0.0105806 1598.62 1
0.0106006 1649.5 1
0.0106207 1701.01 1
0.0106411 1753.12 1
0.0106616 1805.84 1
0.0106822 1859.17 1
0.0107031 1913.09 1
0.0107241 1967.61 1
0.0107452 2022.72 1
0.0107665 2078.42 1
0.010788 2134.7 1
0.0108096 2191.56 1
0.0108314 2249 1
0.0108534 2307.01 1
0.0108755 2365.59 1
0.0108977 2424.74 1
0.0109201 2484.45 1
0.0109427 2544.72 1
0.0109654 2605.55 1
0.0109883 2666.94 1
0.0110113 2728.88 1
0.0110345 2791.37 1
0.0110578 2854.41 1
0.0110813 2917.99 1
0.0111049 2982.12 1
0.0111287 3046.78 1
0.0111526 3111.98 1
0.0111766 3177.72 1
0.0112008 3243.99 1
0.0112252 3310.79 1
0.0112497 3378.12 1
0.0112743 3445.97 1
0.0112991 3514.35 1
0.011324 3583.25 1
0.0113491 3652.67 1
0.0113743 3722.61 1
0.0113996 3793.07 1
0.0114251 3864.03 1
0.0114507 3935.51 1
0.0114765 4007.5 1
0.0115024 4080 1
0.0115284 4153 1
0.0115546 4226.51 1
0.0115809 4300.52 1
0.0116073 4375.03 1
0.0116339 4450.05 1
0.0116606 4525.55 1
0.0116875 4601.56 1
0.0117144 4678.06 1
0.0117416 4755.05 1
0.0117688 4832.53 1
0.0117962 4910.5 1
0.0118237 4988.96 1
0.0118514 5067.9 1
0.0118791 5147.33 1
0.0119071 5227.24 1
0.0119351 5307.64 1
0.0119633 5388.51 1
0.0119916 5469.86 1
0.01202 5551.69 1
0.0120486 5634 1
0.0120773 5716.78 1
0.0121061 5800.03 1
0.0121351 5883.75 1
0.0121641 5967.95 1
0.0121934 6052.61 1
0.0122227 6137.74 1
0.0122522 6223.34 1
0.0122817 6309.4 1
0.0123115 6395.92 1
0.0123413 6482.91 1
0.0123713 6570.36 1
0.0124014 6658.26 1
0.0124316 6746.63 1
0.0124619 6835.45 1
0.0124924 6924.73 1
0.012523 7014.46 1
0.0125537 7104.65 1
0.0125846 7195.29 1
0.0126155 7286.38 1
0.0126466 7377.92 1
0.0126779 7469.91 1
0.0127092 7562.34 1
0.0127407 7655.22 1
0.0127722 7748.55 1
0.0128039 7842.32 1
0.0128358 7936.54 1
0.0128677 8031.2 1
0.0128998 8126.29 1
0.012932 8221.83 1
0.0129643 8317.81 1
0.0129967 8414.22 1
0.0130293 8511.07 1
0.013062 8608.35 1
0.0130947 8706.07 1
0.0131277 8804.23 1
0.0131607 8902.81 1
0.0131938 9001.83 1
0.0132271 9101.27 1
0.0132605 9201.15 1
0.013294 9301.45 1
0.0133276 9402.18 1
0.0133614 9503.34 1
0.0133953 9604.92 1
0.0134292 9706.93 1
0.0134633 9809.36 1
0.0134975 9912.21 1
0.0135319 10015.5 1
0.0135663 10119.2 1
0.0136009 10223.3 1
0.0136356 10327.8 1
0.0136704 10432.8 1
0.0137053 10538.1 1
0.0137403 10643.9 1
0.0137755 10750.1 1
0.0138107 10856.7 1
0.0138461 10963.7 1
0.0138816 11071.2 1
0.0139172 11179 1
0.0139529 11287.3 1
0.0139888 11395.9 1
0.0140247 11505 1
0.0140608 11614.5 1
0.014097 11724.3 1
0.0141332 11834.6 1
0.0141697 11945.3 1
0.0142062 12056.4 1
0.0142428 12167.9 1
0.0142795 12279.8 1
0.0143164 12392.1 1
0.0143534 12504.8 1
0.0143905 12617.9 1
0.0144277 12731.5 1
0.014465 12845.4 1
0.0145024 12959.6 1
0.0145399 13074.3 1
0.0145776 13189.4 1
0.0146153 13304.9 1
0.0146532 13420.8 1
0.0146912 13537.1 1
0.0147292 13653.7 1
0.0147674 13770.8 1
0.0148058 13888.2 1
0.0148442 14006.1 1
0.0148827 14124.3 1
0.0149214 14242.9 1
0.0149601 14361.9 1
0.014999 14481.3 1
0.0150379 14601 1
0.015077 14721.2 1
0.0151162 14841.7 1
0.0151555 14962.7 1
0.0151949 15084 1
0.0152344 15205.7 1
0.0152741 15327.7 1
0.0153138 15450.2 1
0.0153536 15573 1
0.0153936 15696.2 1
0.0154337 15819.8 1
0.0154738 15943.7 1
0.0155141 16068.1 1
0.0155545 16192.8 1
0.015595 16317.9 1
0.0156356 16443.4 1
0.0156763 16569.2 1
0.0157171 16695.4 1
0.015758 16822 1
0.015799 16948.9 1
0.0158402 17076.3 1
0.0158814 17204 1
0.0159228 17332 1
0.0159642 17460.5 1
0.0160058 17589.2 1
0.0160475 17718.4 1
0.0160892 17847.9 1
0.0161311 17977.8 1
0.0161731 18108.1 1
0.0162152 18238.7 1
0.0162574 18369.7 1
0.0162997 18501.1 1
0.0163421 18632.8 1
0.0163846 18764.9 1
0.0164272 18897.3 1
0.0164699 19030.1 1
0.0165128 19163.3 1
0.0165557 19296.8 1
0.0165987 19430.7 1
0.0166419 19564.9 1
0.0166851 19699.5 1
0.0167285 19834.4 1
0.0167719 19969.7 1
0.0168155 20105.4 1
0.0168591 20241.4 1
0.0169029 20377.8 1
0.0169468 20514.5 1
0.0169907 20651.6 1
0.0170348 20789 1
0.017079 20926.7 1
0.0171233 21064.9 1
0.0171676 21203.3 1
0.0172121 21342.2 1
0.0172567 21481.3 1
0.0173014 21620.8 1
0.0173462 21760.7 1
0.0173911 21900.9 1
0.0174361 22041.5 1
0.0174812 22182.4 1
0.0175264 22323.6 1
0.0175717 22465.2 1
0.0176171 22607.1 1
0.0176626 22749.4 1
0.0177082 22892 1
0.0177539 23035 1
0.0177997 23178.2 1
0.0178456 23321.9 1
0.0178916 23465.9 1
0.0179378 23610.2 1
0.017984 23754.8 1
0.0180303 23899.8 1
0.0180767 24045.1 1
0.0181232 24190.8 1
0.0181698 24336.8 1
0.0182165 24483.1 1
0.0182633 24629.8 1
0.0183103 24776.8 1
0.0183573 24924.1 1
0.0184044 25071.8 1
0.0184516 25219.8 1
0.0184989 25368.1 1
0.0185463 25516.8 1
0.0185938 25665.8 1
0.0186414 25815.1 1
0.0186892 25964.7 1
0.018737 26114.7 1
0.0187849 26265 1
0.0188329 26415.6 1
0.018881 26566.6 1
0.0189292 26717.9 1
0.0189775 26869.5 1
0.0190259 27021.4 1
0.0190744 27173.7 1
0.019123 27326.3 1
0.0191717 27479.2 1
0.0192205 27632.4 1
0.0192694 27786 1
0.0193183 27939.8 1
0.0193674 28094 1
0.0194166 28248.5 1
0.0194659 28403.4 1
0.0195153 28558.5 1
0.0195647 28714 1
0.0196143 28869.8 1
0.019664 29025.9 1
0.0197137 29182.3 1
0.0197636 29339 1
0.0198136 29496.1 1
0.0198636 29653.4 1
0.0199138 29811.1 1
0.019964 29969.1 1
0.0200144 30127.4 1
0.0200648 30286.1 1
0.0201153 30445 1
0.020166 30604.2 1
0.0202167 30763.8 1
0.0202675 30923.7 1
0.0203184 31083.8 1
0.0203694 31244.3 1
0.0204205 31405.1 1
0.0204718 31566.2 1
0.0205231 31727.6 1
0.0205744 31889.4 1
0.0206259 32051.4 1
0.0206775 32213.7 1
0.0207292 32376.4 1
0.020781 32539.3 1
0.0208328 32702.6 1
0.0208848 32866.1 1
0.0209369 33030 1
0.020989 33194.1 1
0.0210413 33358.6 1
0.0210936 33523.3 1
0.021146 33688.4 1
0.0211985 33853.8 1
0.0212512 34019.4 1
0.0213039 34185.4 1
0.0213567 34351.7 1
0.0214096 34518.2 1
0.0214626 34685.1 1
0.0215157 34852.3 1
0.0215689 35019.7 1
0.0216221 35187.5 1
0.0216755 35355.5 1
0.021729 35523.9 1
0.0217825 35692.5 1
0.0218362 35861.4 1
0.0218899 36030.7 1
0.0219437 36200.2 1
0.0219976 36370 1
0.0220517 36540.1 1
0.0221058 36710.5 1
0.02216 36881.2 1
0.0222143 37052.2 1
0.0222686 37223.4 1
0.0223231 37395 1
0.0223777 37566.8 1
0.0224323 37739 1
0.0224871 37911.4 1
0.0225419 38084.1 1
0.0225969 38257.1 1
0.0226519 38430.4 1
0.022707 38604 1
0.0227622 38777.8 1
0.0228175 38952 1
0.0228729 39126.4 1
0.0229284 39301.1 1
0.0229839 39476.1 1
0.0230396 39651.4 1
0.0230954 39827 1
0.0231512 40002.8 1
0.0232071 40178.9 1
0.0232631 40355.3 1
0.0233193 40532 1
0.0233755 40709 1
0.0234317 40886.3 1
0.0234881 41063.8 1
0.0235446 41241.6 1
0.0236012 41419.7 1
0.0236578 41598 1
0.0237145 41776.7 1
0.0237714 41955.6 1
0.0238283 42134.8 1
0.0238853 42314.2 1
0.0239424 42494 1
0.0239996 42674 1
0.0240569 42854.3 1
0.0241142 43034.8 1
0.0241717 43215.7 1
0.0242292 43396.8 1
0.0242868 43578.2 1
0.0243446 43759.8 1
0.0244024 43941.8 1
0.0244603 44123.9 1
0.0245182 44306.4 1
0.0245763 44489.1 1
0.0246345 44672.1 1
0.0246927 44855.4 1
0.024751 45039 1
0.0248095 45222.8 1
0.024868 45406.8 1
0.0249266 45591.2 1
0.0249853 45775.8 1
0.025044 45960.7 1
0.0251029 46145.8 1
0.0251618 46331.2 1
0.0252209 46516.9 1
0.02528 46702.8 1
0.0253392 46889 1
0.0253985 47075.5 1
0.0254579 47262.2 1
0.0255173 47449.2 1
0.0255769 47636.4 1
0.0256365 47823.9 1
0.0256963 48011.7 1
0.0257561 48199.7 1
0.025816 48388 1
0.0258759 48576.6 1
0.025936 48765.4 1
0.0259962 48954.4 1
0.0260564 49143.7 1
0.0261167 49333.3 1
0.0261772 49523.2 1
0.0262377 49713.2 1
0.0262982 49903.6 1
0.0263589 50094.2 1
0.0264197 50285 1
0.0264805 50476.2 1
0.0265414 50667.5 1
0.0266024 50859.1 1
0.0266635 51051 1
0.0267247 51243.1 1
0.026786 51435.5 1
0.0268473 51628.1 1
0.0269088 51821 1
0.0269703 52014.1 1
0.0270319 52207.5 1
0.0270936 52401.1 1
0.0271553 52595 1
0.0272172 52789.1 1
0.0272791 52983.5 1
0.0273411 53178.1 1
0.0274033 53373 1
0.0274654 53568.1 1
0.0275277 53763.5 1
0.0275901 53959.1 1
0.0276525 54154.9 1
0.027715 54351 1
0.0277776 54547.4 1
0.0278403 54744 1
0.0279031 54940.8 1
0.027966 55137.9 1
0.0280289 55335.2 1
0.0280919 55532.7 1
0.028155 55730.6 1
0.0282182 55928.6 1
0.0282815 56126.9 1
0.0283448 56325.4 1
0.0284083 56524.2 1
0.0284718 56723.2 1
0.0285354 56922.4 1
0.0285991 57121.9 1
0.0286628 57321.6 1
0.0287267 57521.6 1
0.0287906 57721.7 1
0.0288546 57922.2 1
0.0289187 58122.8 1
0.0289829 58323.7 1
0.0290471 58524.9 1
0.0291115 58726.3 1
0.0291759 58927.9 1
0.0292404 59129.7 1
0.029305 59331.8 1
0.0293696 59534.1 1
0.0294344 59736.6 1
0.0294992 59939.4 1
0.0295641 60142.4 1
0.0296291 60345.6 1
0.0296941 60549.1 1
0.0297593 60752.8 1
0.0298245 60956.7 1
0.0298898 61160.9 1
0.0299552 61365.3 1
0.0300207 61569.9 1
0.0300862 61774.7 1
0.0301518 61979.8 1
0.0302175 62185.1 1
0.0302833 62390.6 1
0.0303492 62596.3 1
0.0304151 62802.3 1
0.0304812 63008.5 1
0.0305473 63214.9 1
0.0306135 63421.6 1
0.0306797 63628.5 1
0.0307461 63835.6 1
0.0308125 64042.9 1
0.030879 64250.4 1
0.0309456 64458.2 1
0.0310122 64666.2 1
0.0310789 64874.4 1
0.0311458 65082.8 1
0.0312127 65291.5 1
0.0312796 65500.3 1
0.0313467 65709.4 1
0.0314138 65918.7 1
0.031481 66128.3 1
0.0315483 66338 1
0.0316157 66548 1
0.0316831 66758.2 1
0.0317506 66968.6 1
0.0318182 67179.2 1
0.0318859 67390 1
0.0319536 67601.1 1
0.0320215 67812.3 1
0.0320894 68023.8 1
0.0321574 68235.5 1
0.0322254 68447.4 1
0.0322936 68659.5 1
0.0323618 68871.8 1
0.0324301 69084.4 1
0.0324984 69297.1 1
0.0325669 69510.1 1
0.0326354 69723.3 1
0.032704 69936.7 1
0.0327727 70150.3 1
0.0328414 70364.1 1
0.0329103 70578.1 1
0.0329792 70792.3 1
0.0330482 71006.8 1
0.0331172 71221.4 1
0.0331863 71436.3 1
0.0332556 71651.3 1
0.0333248 71866.6 1
0.0333942 72082.1 1
0.0334636 72297.8 1
0.0335332 72513.6 1
0.0336027 72729.7 1
0.0336724 72946 1
0.0337421 73162.5 1
0.033812 73379.2 1
0.0338818 73596.1 1
0.0339518 73813.2 1
0.0340218 74030.6 1
0.034092 74248.1 1
0.0341622 74465.8 1
0.0342324 74683.7 1
0.0343028 74901.8 1
0.0343732 75120.1 1
0.0344437 75338.7 1
0.0345142 75557.4 1
0.0345848 75776.3 1
0.0346556 75995.4 1
0.0347263 76214.7 1
0.0347972 76434.2 1
0.0348681 76653.9 1
0.0349391 76873.8 1
0.0350102 77093.9 1
0.0350814 77314.2 1
0.0351526 77534.7 1
0.0352239 77755.4 1
0.0352953 77976.3 1
0.0353667 78197.4 1
0.0354382 78418.6 1
0.0355098 78640.1 1
0.0355815 78861.7 1
0.0356532 79083.6 1
0.035725 79305.6 1
0.0357969 79527.9 1
0.0358689 79750.3 1
0.0359409 79972.9 1
0.036013 80195.7 1
0.0360852 80418.7 1
0.0361574 80641.9 1
0.0362298 80865.3 1
0.0363021 81088.8 1
0.0363746 81312.6 1
0.0364471 81536.5 1
0.0365197 81760.6 1
0.0365924 81984.9 1
0.0366652 82209.4 1
0.036738 82434.1 1
0.0368109 82659 1
0.0368839 82884 1
0.0369569 83109.3 1
0.03703 83334.7 1
0.0371032 83560.3 1
0.0371764 83786.1 1
0.0372497 84012.1 1
0.0373231 84238.2 1
0.0373966 84464.6 1
0.0374701 84691.1 1
0.0375437 84917.8 1
0.0376174 85144.7 1
0.0376912 85371.7 1
0.037765 85599 1
0.0378389 85826.4 1
0.0379128 86054 1
0.0379868 86281.8 1
0.0380609 86509.7 1
0.0381351 86737.9 1
0.0382093 86966.2 1
0.0382836 87194.7 1
0.038358 87423.3 1
0.0384325 87652.2 1
0.038507 87881.2 1
0.0385816 88110.4 1
0.0386562 88339.8 1
0.0387309 88569.3 1
0.0388057 88799 1
0.0388806 89028.8 0
0.0389555 89258.1 0
0.0390305 89486.8 0
0.0391056 89715.1 0
0.0391807 89942.9 0
0.0392559 90170.1 0
0.0393312 90396.9 0
0.0394065 90623.2 0
0.0394819 90849 0
0.0395574 91074.2 0
0.039633 91299 0
0.0397086 91523.3 0
0.0397842 91747.1 0
0.03986 91970.4 0
0.0399358 92193.3 0
0.0400117 92415.6 0
0.0400876 92637.5 0
0.0401637 92858.9 0
0.0402398 93079.7 0
0.0403159 93300.2 0
0.0403921 93520.1 0
0.0404684 93739.5 0
0.0405448 93958.5 0
0.0406212 94177 0
0.0406977 94395 0
0.0407742 94612.6 0
0.0408509 94829.7 0
0.0409276 95046.3 0
0.0410043 95262.4 0
0.0410811 95478.1 0
0.041158 95693.3 0
0.041235 95908.1 0
0.041312 96122.3 0
0.0413891 96336.1 0
0.0414662 96549.5 0
0.0415435 96762.4 0
0.0416207 96974.8 0
0.0416981 97186.8 0
0.0417755 97398.3 0
0.041853 97609.4 0
0.0419305 97820 0
0.0420082 98030.1 0
0.0420858 98239.8 0
0.0421636 98449.1 0
0.0422414 98657.9 0
0.0423193 98866.2 0
0.0423972 99074.1 0
0.0424752 99281.6 0
0.0425533 99488.6 0
0.0426314 99695.1 0
0.0427096 99901.3 0
0.0427879 100107 0
0.0428662 100312 0
0.0429446 100517 0
0.043023 100721 0
0.0431015 100925 0
0.0431801 101129 0
0.0432588 101332 0
0.0433375 101534 0
0.0434163 101737 0
0.0434951 101938 0
0.043574 102140 0
0.043653 102341 0
0.043732 102541 0
0.0438111 102741 0
0.0438902 102941 0
0.0439695 103140 0
0.0440487 103339 0
0.0441281 103537 0
0.0442075 103735 0
0.044287 103933 0
0.0443665 104130 0
0.0444461 104326 0
0.0445257 104523 0
0.0446055 104719 0
0.0446852 104914 0
0.0447651 105109 0
0.044845 105304 0
0.044925 105498 0
0.045005 105692 0
0.0450851 105885 0
0.0451652 106078 0
0.0452454 106271 0
0.0453257 106463 0
0.0454061 106655 0
0.0454865 106846 0
0.0455669 107037 0
0.0456474 107227 0
0.045728 107418 0
0.0458087 107607 0
0.0458894 107797 0
0.0459701 107986 0
0.046051 108174 0
0.0461319 108362 0
0.0462128 108550 0
0.0462938 108738 0
0.0463749 108925 0
0.046456 109111 0
0.0465372 109297 0
0.0466184 109483 0
0.0466998 109669 0
0.0467811 109854 0
0.0468626 110038 0
0.046944 110223 0
0.0470256 110407 0
0.0471072 110590 0
0.0471889 110773 0
0.0472706 110956 0
0.0473524 111138 0
0.0474342 111320 0
0.0475161 111502 0
0.0475981 111683 0
0.0476801 111864 0
0.0477622 112045 0
0.0478443 112225 0
0.0479265 112405 0
0.0480088 112584 0
0.0480911 112763 0
0.0481735 112942 0
0.0482559 113120 0
0.0483384 113298 0
0.048421 113475 0
0.0485036 113652 0
0.0485862 113829 0
0.0486689 114006 0
0.0487517 114182 0
0.0488346 114358 0
0.0489175 114533 0
0.0490004 114708 0
0.0490834 114883 0
0.0491665 115057 0
0.0492496 115231 0
0.0493328 115404 0
0.049416 115578 0
0.0494993 115750 0
0.0495827 115923 0
0.0496661 116095 0
0.0497496 116267 0
0.0498331 116438 0
0.0499167 116610 0
0.0500003 116780 0
0.050084 116951 0
0.0501677 117121 0
0.0502515 117290 0
0.0503354 117460 0
0.0504193 117629 0
0.0505033 117798 0
0.0505873 117966 0
0.0506714 118134 0
0.0507555 118302 0
0.0508397 118469 0
0.050924 118636 0
0.0510083 118803 0
0.0510926 118969 0
0.0511771 119135 0
0.0512615 119300 0
0.051346 119466 0
0.0514306 119631 0
0.0515153 119795 0
0.0515999 119960 0
0.0516847 120124 0
0.0517695 120287 0
0.0518543 120451 0
0.0519392 120614 0
0.0520242 120776 0
0.0521092 120939 0
0.0521943 121101 0
0.0522794 121262 0
0.0523646 121424 0
0.0524498 121585 0
0.0525351 121745 0
0.0526204 121906 0
0.0527058 122066 0
0.0527913 122226 0
0.0528768 122385 0
0.0529623 122544 0
0.0530479 122703 0
0.0531336 122861 0
0.0532193 123020 0
0.053305 123177 0
0.0533908 123335 0
0.0534767 123492 0
0.0535626 123649 0
0.0536486 123806 0
0.0537346 123962 0
0.0538207 124118 0
0.0539068 124274 0
0.053993 124429 0
0.0540792 124584 0
0.0541655 124739 0
0.0542519 124893 0
0.0543382 125047 0
0.0544247 125201 0
0.0545112 125355 0
0.0545977 125508 0
0.0546843 125661 0
0.0547709 125813 0
0.0548576 125966 0
0.0549444 126118 0
0.0550312 126269 0
0.055118 126421 0
0.0552049 126572 0
0.0552919 126723 0
0.0553789 126873 0
0.0554659 127024 0
0.055553 127173 0
0.0556402 127323 0
0.0557274 127472 0
0.0558146 127622 0
0.0559019 127770 0
0.0559893 127919 0
0.0560767 128067 0
0.0561641 128215 0
0.0562516 128362 0
0.0563391 128510 0
0.0564267 128657 0
0.0565144 128803 0
0.0566021 128950 0
0.0566898 129096 0
0.0567776 129242 0
0.0568655 129388 0
0.0569534 129533 0
0.0570413 129678 0
0.0571293 129823 0
0.0572173 129967 0
0.0573054 130111 0
0.0573935 130255 0
0.0574817 130399 0
0.0575699 130542 0
0.0576582 130685 0
0.0577465 130828 0
0.0578349 130970 0
0.0579233 131113 0
0.0580118 131255 0
0.0581003 131396 0
0.0581889 131538 0
0.0582775 131679 0
0.0583662 131820 0
0.0584549 131960 0
0.0585436 132101 0
0.0586324 132241 0
0.0587213 132381 0
0.0588102 132520 0
0.0588991 132659 0
0.0589881 132798 0
0.0590771 132937 0
0.0591662 133076 0
0.0592553 133214 0
0.0593445 133352 0
0.0594337 133489 0
0.059523 133627 0
0.0596123 133764 0
0.0597016 133901 0
0.059791 134037 0
0.0598805 134174 0
0.05997 134310 0
0.0600595 134446 0
0.0601491 134581 0
0.0602387 134716 0
0.0603284 134851 0
0.0604181 134986 0
0.0605079 135121 0
0.0605977 135255 0
0.0606876 135389 0
0.0607775 135523 0
0.0608674 135656 0
0.0609574 135790 0
0.0610474 135923 0
0.0611375 136055 0
0.0612276 136188 0
0.0613178 136320 0
0.061408 136452 0
0.0614983 136584 0
0.0615885 136715 0
0.0616789 136847 0
0.0617693 136978 0
0.0618597 137108 0
0.0619502 137239 0
0.0620407 137369 0
0.0621312 137499 0
0.0622218 137629 0
0.0623125 137759 0
0.0624032 137888 0
0.0624939 138017 0
0.0625847 138146 0
0.0626755 138274 0
0.0627664 138403 0
0.0628573 138531 0
0.0629482 138659 0
0.0630392 138786 0
0.0631302 138914 0
0.0632213 139041 0
0.0633124 139168 0
0.0634035 139294 0
0.0634947 139421 0
0.063586 139547 0
0.0636773 139673 0
0.0637686 139798 0
0.0638599 139924 0
0.0639513 140049 0
0.0640428 140174 0
0.0641343 140299 0
0.0642258 140423 0
0.0643174 140548 0
0.064409 140672 0
0.0645006 140796 0
0.0645923 140919 0
0.064684 141043 0
0.0647758 141166 0
0.0648676 141289 0
0.0649595 141411 0
0.0650514 141534 0
0.0651433 141656 0
0.0652353 141778 0
0.0653273 141900 0
0.0654193 142022 0
0.0655114 142143 0
0.0656036 142264 0
0.0656957 142385 0
0.0657879 142506 0
0.0658802 142626 0
0.0659725 142746 0
0.0660648 142866 0
0.0661572 142986 0
0.0662496 143106 0
0.066342 143225 0
0.0664345 143344 0
0.066527 143463 0
0.0666196 143582 0
0.0667122 143700 0
0.0668048 143819 0
0.0668975 143937 0
0.0669902 144054 0
0.067083 144172 0
0.0671758 144289 0
0.0672686 144407 0
0.0673614 144524 0
0.0674543 144640 0
0.0675473 144757 0
0.0676403 144873 0
0.0677333 144989 0
0.0678263 145105 0
0.0679194 145221 0
0.0680125 145336 0
0.0681057 145452 0
0.0681989 145567 0
0.0682921 145682 0
0.0683854 145796 0
0.0684787 145911 0
0.0685721 146025 0
0.0686655 146139 0
0.0687589 146253 0
0.0688523 146366 0
0.0689458 146480 0
0.0690394 146593 0
0.0691329 146706 0
0.0692265 146819 0
0.0693202 146931 0
0.0694138 147044 0
0.0695075 147156 0
0.0696013 147268 0
0.0696951 147380 0
0.0697889 147491 0
0.0698827 147602 0
0.0699766 147714 0
0.0700705 147825 0
0.0701645 147935 0
0.0702584 148046 0
0.0703525 148156 0
0.0704465 148266 0
0.0705406 148376 0
0.0706347 148486 0
0.0707289 148596 0
0.0708231 148705 0
0.0709173 148814 0
0.0710116 148923 0
0.0711059 149032 0
0.0712002 149141 0
0.0712946 149249 0
0.071389 149357 0
0.0714834 149465 0
0.0715779 149573 0
0.0716724 149681 0
0.0717669 149788 0
0.0718614 149896 0
0.071956 150003 0
0.0720507 150110 0
0.0721453 150216 0
0.07224 150323 0
0.0723348 150429 0
0.0724295 150535 0
0.0725243 150641 0
0.0726191 150747 0
0.072714 150852 0
0.0728089 150958 0
0.0729038 151063 0
0.0729987 151168 0
0.0730937 151273 0
0.0731887 151377 0
0.0732838 151482 0
0.0733789 151586 0
0.073474 151690 0
0.0735691 151794 0
0.0736643 151898 0
0.0737595 152001 0
0.0738547 152104 0
0.07395 152208 0
0.0740453 152310 0
0.0741406 152413 0
0.074236 152516 0
0.0743313 152618 0
0.0744268 152721 0
0.0745222 152823 0
0.0746177 152924 0
0.0747132 153026 0
0.0748087 153128 0
0.0749043 153229 0
0.0749999 153330 0
0.0750955 153431 0
0.0751912 153532 0
0.0752869 153633 0
0.0753826 153733 0
0.0754783 153833 0
0.0755741 153934 0
0.0756699 154033 0
0.0757657 154133 0
0.0758616 154233 0
0.0759575 154332 0
0.0760534 154431 0
0.0761494 154531 0
0.0762453 154629 0
0.0763413 154728 0
0.0764374 154827 0
0.0765334 154925 0
0.0766295 155023 0
0.0767256 155121 0
0.0768218 155219 0
0.076918 155317 0
0.0770142 155414 0
0.0771104 155512 0
0.0772067 155609 0
0.0773029 155706 0
0.0773992 155803 0
0.0774956 155900 0
0.077592 155996 0
0.0776883 156092 0
0.0777848 156189 0
0.0778812 156285 0
0.0779777 156380 0
0.0780742 156476 0
0.0781707 156572 0
0.0782673 156667 0
0.0783638 156762 0
0.0784604 156857 0
0.0785571 156952 0
0.0786537 157047 0
0.0787504 157141 0
0.0788471 157236 0
0.0789439 157330 0
0.0790406 157424 0
0.0791374 157518 0
0.0792342 157612 0
0.079331 157705 0
0.0794279 157799 0
0.0795248 157892 0
0.0796217 157985 0
0.0797186 158078 0
0.0798156 158171 0
0.0799126 158263 0
0.0800096 158356 0
0.0801066 158448 0
0.0802037 158540 0
0.0803008 158632 0
0.0803979 158724 0
0.080495 158815 0
0.0805922 158907 0
0.0806894 158998 0
0.0807866 159090 0
0.0808838 159181 0
0.080981 159271 0
0.0810783 159362 0
0.0811756 159453 0
0.0812729 159543 0
0.0813703 159633 0
0.0814676 159724 0
0.081565 159814 0
0.0816624 159903 0
0.0817599 159993 0
0.0818573 160082 0
0.0819548 160172 0
0.0820523 160261 0
0.0821499 160350 0
0.0822474 160439 0
0.082345 160528 0
0.0824426 160616 0
0.0825402 160705 0
0.0826378 160793 0
0.0827355 160881 0
0.0828332 160969 0
0.0829309 161057 0
0.0830286 161145 0
0.0831263 161232 0
0.0832241 161320 0
0.0833219 161407 0
0.0834197 161494 0
0.0835175 161581 0
0.0836154 161668 0
0.0837133 161755 0
0.0838112 161841 0
0.0839091 161927 0
0.084007 162014 0
0.084105 162100 0
0.0842029 162186 0
0.0843009 162272 0
0.0843989 162357 0
0.084497 162443 0
0.084595 162528 0
0.0846931 162613 0
0.0847912 162698 0
0.0848893 162783 0
0.0849874 162868 0
0.0850856 162953 0
0.0851838 163037 0
0.085282 163122 0
0.0853802 163206 0
0.0854784 163290 0
0.0855766 163374 0
0.0856749 163458 0
0.0857732 163542 0
0.0858715 163625 0
0.0859698 163708 0
0.0860682 163792 0
0.0861665 163875 0
0.0862649 163958 0
0.0863633 164041 0
0.0864617 164123 0
0.0865602 164206 0
0.0866586 164288 0
0.0867571 164371 0
0.0868556 164453 0
0.0869541 164535 0
0.0870526 164617 0
0.0871511 164699 0
0.0872497 164780 0
0.0873482 164862 0
0.0874468 164943 0
0.0875454 165024 0
0.0876441 165105 0
0.0877427 165186 0
0.0878413 165267 0
0.08794 165348 0
0.0880387 165428 0
0.0881374 165509 0
0.0882361 165589 0
0.0883349 165669 0
0.0884336 165749 0
0.0885324 165829 0
0.0886312 165909 0
0.08873 165988 0
0.0888288 166068 0
0.0889276 166147 0
0.0890265 166226 0
0.0891253 166306 0
0.0892242 166385 0
0.0893231 166463 0
0.089422 166542 0
0.0895209 166621 0
0.0896199 166699 0
0.0897188 166777 0
0.0898178 166856 0
0.0899168 166934 0
0.0900158 167012 0
0.0901148 167089 0
0.0902138 167167 0
0.0903128 167245 0
0.0904119 167322 0
0.0905109 167399 0
0.09061 167477 0
0.0907091 167554 0
0.0908082 167631 0
0.0909073 167707 0
0.0910065 167784 0
0.0911056 167861 0
0.0912048 167937 0
0.0913039 168013 0
0.0914031 168089 0
0.0915023 168166 0
0.0916015 168241 0
0.0917008 168317 0
0.0918 168393 0
0.0918992 168469 0
0.0919985 168544 0
0.0920978 168619 0
0.0921971 168694 0
0.0922964 168770 0
0.0923957 168844 0
0.092495 168919 0
0.0925943 168994 0
0.0926937 169069 0
0.092793 169143 0
0.0928924 169217 0
0.0929918 169292 0
0.0930911 169366 0
0.0931905 169440 0
0.09329 169514 0
0.0933894 169587 0
0.0934888 169661 0
0.0935883 169734 0
0.0936877 169808 0
0.0937872 169881 0
0.0938866 169954 0
0.0939861 170027 0
0.0940856 170100 0
0.0941851 170173 0
0.0942846 170246 0
0.0943842 170318 0
0.0944837 170391 0
0.0945833 170463 0
0.0946828 170535 0
0.0947824 170607 0
0.0948819 170679 0
0.0949815 170751 0
0.0950811 170823 0
0.0951807 170895 0
0.0952803 170966 0
0.0953799 171037 0
0.0954796 171109 0
0.0955792 171180 0
0.0956789 171251 0
0.0957785 171322 0
0.0958782 171393 0
0.0959778 171464 0
0.0960775 171534 0
0.0961772 171605 0
0.0962769 171675 0
0.0963766 171745 0
0.0964763 171815 0
0.096576 171885 0
0.0966758 171955 0
0.0967755 172025 0
0.0968752 172095 0
0.096975 172165 0
0.0970747 172234 0
0.0971745 172303 0
0.0972743 172373 0
0.097374 172442 0
0.0974738 172511 0
0.0975736 172580 0
0.0976734 172649 0
0.0977732 172717 0
0.097873 172786 0
0.0979728 172855 0
0.0980726 172923 0
0.0981725 172991 0
0.0982723 173059 0
0.0983721 173127 0
0.098472 173195 0
0.0985718 173263 0
0.0986717 173331 0
0.0987715 173399 0
0.0988714 173466 0
0.0989713 173534 0
0.0990711 173601 0
0.099171 173668 0
0.0992709 173735 0
0.0993708 173802 0
0.0994707 173869 0
0.0995706 173936 0
0.0996705 174003 0
0.0997704 174069 0
0.0998703 174136 0
0.0999702 174202 0
0.10007 174268 0
0.10017 174334 0
0.10027 174400 0
0.10037 174466 0
0.10047 174532 0
0.10057 174598 0
0.10067 174664 0
0.10077 174729 0
0.10087 174795 0
0.10097 174860 0
0.10107 174925 0
0.10117 174990 0
0.101269 175055 0
0.101369 175120 0
0.101469 175185 0
0.101569 175250 0
0.101669 175314 0
0.101769 175379 0
0.101869 175443 0
0.101969 175508 0
0.102069 175572 0
0.102169 175636 0
0.102269 175700 0
0.102369 175764 0
0.102469 175828 0
0.102569 175891 0
0.102669 175955 0
0.102769 176018 0
0.102869 176082 0
0.102969 176145 0
0.103069 176208 0
0.103169 176272 0
0.103269 176335 0
0.103369 176397 0
0.103469 176460 0
0.103569 176523 0
0.103669 176586 0
0.103769 176604 1
0.103869 176520 1
