0.015 0 0
0.01501 143.3 0
0.0150213 160.58 1
0.0150333 180.374 1
0.0150458 201.719 1
0.0150587 224.375 1
0.0150719 248.203 1
0.0150856 273.112 1
0.0150995 299.033 1
0.0151138 325.914 1
0.0151283 353.713 1
0.0151432 382.395 1
0.0151583 411.93 1
0.0151736 442.295 1
0.0151892 473.465 1
0.0152051 505.423 1
0.0152212 538.151 1
0.0152376 571.632 1
0.0152541 605.855 1
0.0152709 640.804 1
0.015288 676.47 1
0.0153052 712.841 1
0.0153227 749.907 1
0.0153403 787.659 1
0.0153582 826.089 1
0.0153762 865.188 1
0.0153945 904.95 1
0.015413 945.366 1
0.0154317 986.431 1
0.0154505 1028.14 1
0.0154696 1070.48 1
0.0154888 1113.45 1
0.0155082 1157.05 1
0.0155278 1201.27 1
0.0155476 1246.1 1
0.0155676 1291.55 1
0.0155877 1337.6 1
0.0156081 1384.25 1
0.0156286 1431.5 1
0.0156493 1479.34 1
0.0156701 1527.78 1
0.0156911 1576.79 1
0.0157123 1626.4 1
0.0157337 1676.58 1
0.0157553 1727.34 1
0.015777 1778.67 1
0.0157988 1830.57 1
0.0158209 1883.04 1
0.0158431 1936.07 1
0.0158654 1989.66 1
0.015888 2043.81 1
0.0159106 2098.52 1
0.0159335 2153.78 1
0.0159565 2209.59 1
0.0159797 2265.95 1
0.016003 2322.85 1
0.0160265 2380.3 1
0.0160501 2438.29 1
0.0160739 2496.82 1
0.0160978 2555.88 1
0.0161219 2615.48 1
0.0161462 2675.61 1
0.0161706 2736.28 1
0.0161952 2797.47 1
0.0162199 2859.19 1
0.0162447 2921.43 1
0.0162697 2984.2 1
0.0162949 3047.49 1
0.0163202 3111.29 1
0.0163456 3175.62 1
0.0163712 3240.46 1
0.016397 3305.81 1
0.0164229 3371.68 1
0.0164489 3438.05 1
0.0164751 3504.94 1
0.0165014 3572.33 1
0.0165279 3640.23 1
0.0165545 3708.64 1
0.0165813 3777.55 1
0.0166081 3846.95 1
0.0166352 3916.86 1
0.0166624 3987.27 1
0.0166897 4058.17 1
0.0167172 4129.57 1
0.0167448 4201.47 1
0.0167725 4273.85 1
0.0168004 4346.73 1
0.0168284 4420.1 1
0.0168566 4493.96 1
0.0168848 4568.3 1
0.0169133 4643.13 1
0.0169419 4718.44 1
0.0169706 4794.24 1
0.0169994 4870.52 1
0.0170284 4947.29 1
0.0170575 5024.53 1
0.0170867 5102.25 1
0.0171161 5180.45 1
0.0171456 5259.12 1
0.0171753 5338.27 1
0.0172051 5417.9 1
0.017235 5497.99 1
0.0172651 5578.56 1
0.0172952 5659.6 1
0.0173256 5741.11 1
0.017356 5823.08 1
0.0173866 5905.53 1
0.0174173 5988.44 1
0.0174481 6071.81 1
0.0174791 6155.65 1
0.0175102 6239.95 1
0.0175414 6324.71 1
0.0175728 6409.94 1
0.0176043 6495.62 1
0.0176359 6581.77 1
0.0176677 6668.37 1
0.0176996 6755.42 1
0.0177316 6842.94 1
0.0177637 6930.91 1
0.017796 7019.33 1
0.0178284 7108.2 1
0.0178609 7197.53 1
0.0178935 7287.31 1
0.0179263 7377.53 1
0.0179592 7468.21 1
0.0179922 7559.33 1
0.0180254 7650.9 1
0.0180587 7742.92 1
0.0180921 7835.38 1
0.0181256 7928.29 1
0.0181592 8021.64 1
0.018193 8115.43 1
0.0182269 8209.66 1
0.0182609 8304.34 1
0.0182951 8399.45 1
0.0183294 8495.01 1
0.0183638 8591 1
0.0183983 8687.42 1
0.0184329 8784.29 1
0.0184677 8881.59 1
0.0185026 8979.32 1
0.0185376 9077.49 1
0.0185727 9176.09 1
0.018608 9275.12 1
0.0186434 9374.59 1
0.0186789 9474.48 1
0.0187145 9574.8 1
0.0187502 9675.55 1
0.0187861 9776.73 1
0.0188221 9878.34 1
0.0188582 9980.37 1
0.0188944 10082.8 1
0.0189307 10185.7 1
0.0189672 10289 1
0.0190038 10392.7 1
0.0190405 10496.9 1
0.0190773 10601.5 1
0.0191142 10706.5 1
0.0191513 10811.9 1
0.0191885 10917.7 1
0.0192258 11024 1
0.0192632 11130.6 1
0.0193007 11237.7 1
0.0193384 11345.2 1
0.0193762 11453.1 1
0.019414 11561.4 1
0.019452 11670.2 1
0.0194902 11779.3 1
0.0195284 11888.9 1
0.0195668 11998.9 1
0.0196052 12109.3 1
0.0196438 12220.1 1
0.0196825 12331.3 1
0.0197213 12442.9 1
0.0197603 12554.9 1
0.0197993 12667.3 1
0.0198385 12780.2 1
0.0198778 12893.4 1
0.0199172 13007 1
0.0199567 13121.1 1
0.0199963 13235.5 1
0.0200361 13350.4 1
0.0200759 13465.6 1
0.0201159 13581.3 1
0.020156 13697.4 1
0.0201962 13813.8 1
0.0202365 13930.7 1
0.0202769 14047.9 1
0.0203175 14165.6 1
0.0203581 14283.6 1
0.0203989 14402.1 1
0.0204398 14520.9 1
0.0204808 14640.1 1
0.0205219 14759.7 1
0.0205631 14879.8 1
0.0206045 15000.2 1
0.0206459 15121 1
0.0206875 15242.2 1
0.0207291 15363.7 1
0.0207709 15485.7 1
0.0208128 15608.1 1
0.0208548 15730.8 1
0.0208969 15854 1
0.0209392 15977.5 1
0.0209815 16101.4 1
0.021024 16225.7 1
0.0210665 16350.4 1
0.0211092 16475.4 1
0.021152 16600.9 1
0.0211949 16726.7 1
0.0212379 16852.9 1
0.021281 16979.5 1
0.0213242 17106.5 1
0.0213676 17233.9 1
0.021411 17361.6 1
0.0214546 17489.7 1
0.0214982 17618.2 1
0.021542 17747.1 1
0.0215859 17876.3 1
0.0216299 18005.9 1
0.021674 18135.9 1
0.0217182 18266.3 1
0.0217625 18397.1 1
0.0218069 18528.2 1
0.0218515 18659.7 1
0.0218961 18791.5 1
0.0219409 18923.8 1
0.0219857 19056.4 1
0.0220307 19189.4 1
0.0220758 19322.7 1
0.0221209 19456.4 1
0.0221662 19590.5 1
0.0222116 19725 1
0.0222571 19859.8 1
0.0223028 19995 1
0.0223485 20130.6 1
0.0223943 20266.5 1
0.0224402 20402.8 1
0.0224863 20539.4 1
0.0225324 20676.4 1
0.0225787 20813.8 1
0.022625 20951.5 1
0.0226715 21089.6 1
0.0227181 21228.1 1
0.0227647 21366.9 1
0.0228115 21506.1 1
0.0228584 21645.7 1
0.0229054 21785.6 1
0.0229525 21925.8 1
0.0229997 22066.4 1
0.023047 22207.4 1
0.0230944 22348.7 1
0.0231419 22490.4 1
0.0231896 22632.5 1
0.0232373 22774.8 1
0.0232851 22917.6 1
0.0233331 23060.7 1
0.0233811 23204.1 1
0.0234292 23348 1
0.0234775 23492.1 1
0.0235258 23636.6 1
0.0235743 23781.5 1
0.0236229 23926.7 1
0.0236715 24072.2 1
0.0237203 24218.1 1
0.0237692 24364.4 1
0.0238181 24511 1
0.0238672 24657.9 1
0.0239164 24805.2 1
0.0239657 24952.9 1
0.0240151 25100.8 1
0.0240645 25249.2 1
0.0241141 25397.8 1
0.0241638 25546.8 1
0.0242136 25696.2 1
0.0242635 25845.9 1
0.0243135 25995.9 1
0.0243636 26146.3 1
0.0244138 26297 1
0.0244641 26448.1 1
0.0245145 26599.5 1
0.024565 26751.2 1
0.0246156 26903.3 1
0.0246663 27055.7 1
0.0247171 27208.5 1
0.0247681 27361.5 1
0.0248191 27515 1
0.0248702 27668.7 1
0.0249214 27822.8 1
0.0249727 27977.2 1
0.0250241 28132 1
0.0250756 28287.1 1
0.0251272 28442.5 1
0.025179 28598.2 1
0.0252308 28754.3 1
0.0252827 28910.7 1
0.0253347 29067.5 1
0.0253868 29224.5 1
0.025439 29381.9 1
0.0254913 29539.7 1
0.0255437 29697.7 1
0.0255963 29856.1 1
0.0256489 30014.8 1
0.0257016 30173.8 1
0.0257544 30333.2 1
0.0258073 30492.9 1
0.0258603 30652.9 1
0.0259134 30813.2 1
0.0259666 30973.9 1
0.0260199 31134.8 1
0.0260733 31296.1 1
0.0261268 31457.8 1
0.0261804 31619.7 1
0.0262341 31782 1
0.0262879 31944.5 1
0.0263417 32107.4 1
0.0263957 32270.7 1
0.0264498 32434.2 1
0.026504 32598 1
0.0265583 32762.2 1
0.0266126 32926.7 1
0.0266671 33091.5 1
0.0267217 33256.6 1
0.0267763 33422 1
0.0268311 33587.8 1
0.026886 33753.9 1
0.0269409 33920.2 1
0.026996 34086.9 1
0.0270511 34253.9 1
0.0271063 34421.2 1
0.0271617 34588.8 1
0.0272171 34756.8 1
0.0272726 34925 1
0.0273283 35093.5 1
0.027384 35262.4 1
0.0274398 35431.6 1
0.0274957 35601 1
0.0275517 35770.8 1
0.0276078 35940.9 1
0.027664 36111.3 1
0.0277203 36282 1
0.0277767 36453 1
0.0278332 36624.3 1
0.0278898 36795.9 1
0.0279464 36967.8 1
0.0280032 37140 1
0.0280601 37312.6 1
0.028117 37485.4 1
0.0281741 37658.5 1
0.0282312 37831.9 1
0.0282884 38005.7 1
0.0283458 38179.7 1
0.0284032 38354 1
0.0284607 38528.6 1
0.0285183 38703.5 1
0.028576 38878.7 1
0.0286338 39054.3 1
0.0286917 39230.1 1
0.0287497 39406.2 1
0.0288078 39582.6 1
0.028866 39759.3 1
0.0289242 39936.2 1
0.0289826 40113.5 1
0.029041 40291.1 1
0.0290996 40469 1
0.0291582 40647.1 1
0.0292169 40825.6 1
0.0292757 41004.3 1
0.0293346 41183.3 1
0.0293936 41362.7 1
0.0294527 41542.3 1
0.0295119 41722.2 1
0.0295712 41902.4 1
0.0296306 42082.8 1
0.02969 42263.6 1
0.0297496 42444.6 1
0.0298092 42626 1
0.029869 42807.6 1
0.0299288 42989.5 1
0.0299887 43171.7 1
0.0300487 43354.2 1
0.0301088 43536.9 1
0.030169 43720 1
0.0302293 43903.3 1
0.0302896 44086.9 1
0.0303501 44270.8 1
0.0304106 44455 1
0.0304713 44639.4 1
0.030532 44824.2 1
0.0305928 45009.2 1
0.0306537 45194.5 1
0.0307147 45380 1
0.0307758 45565.9 1
0.030837 45752 1
0.0308983 45938.4 1
0.0309596 46125.1 1
0.0310211 46312 1
0.0310826 46499.3 1
0.0311442 46686.8 1
0.031206 46874.5 1
0.0312678 47062.6 1
0.0313297 47250.9 1
0.0313916 47439.5 1
0.0314537 47628.4 1
0.0315159 47817.5 1
0.0315781 48006.9 1
0.0316404 48196.6 1
0.0317029 48386.6 1
0.0317654 48576.8 1
0.031828 48767.3 1
0.0318907 48958 1
0.0319534 49149.1 1
0.0320163 49340.4 1
0.0320792 49531.9 1
0.0321423 49723.8 1
0.0322054 49915.9 1
0.0322686 50108.2 1
0.0323319 50300.9 1
0.0323953 50493.7 1
0.0324588 50686.9 1
0.0325223 50880.3 1
0.032586 51074 1
0.0326497 51268 1
0.0327135 51462.2 1
0.0327774 51656.6 1
0.0328414 51851.4 1
0.0329055 52046.4 1
0.0329697 52241.6 1
0.0330339 52437.1 1
0.0330982 52632.9 1
0.0331627 52828.9 1
0.0332272 53025.2 1
0.0332918 53221.7 1
0.0333564 53418.5 1
0.0334212 53615.6 1
0.0334861 53812.9 1
0.033551 54010.5 1
0.033616 54208.3 1
0.0336811 54406.4 1
0.0337463 54604.7 1
0.0338116 54803.3 1
0.033877 55002.1 1
0.0339424 55201.2 1
0.0340079 55400.6 1
0.0340735 55600.2 1
0.0341392 55800 1
0.034205 56000.1 1
0.0342709 56200.5 1
0.0343368 56401.1 1
0.0344029 56601.9 1
0.034469 56803 1
0.0345352 57004.3 1
0.0346015 57205.9 1
0.0346679 57407.8 1
0.0347343 57609.8 1
0.0348008 57812.2 1
0.0348675 58014.7 1
0.0349342 58217.6 1
0.035001 58420.6 1
0.0350678 58623.9 1
0.0351348 58827.5 1
0.0352018 59031.3 1
0.0352689 59235.3 1
0.0353361 59439.6 1
0.0354034 59644.1 1
0.0354708 59848.9 1
0.0355382 60053.9 1
0.0356058 60259.1 1
0.0356734 60464.6 1
0.0357411 60670.3 1
0.0358088 60876.3 1
0.0358767 61082.5 1
0.0359446 61288.9 1
0.0360127 61495.6 1
0.0360808 61702.5 1
0.036149 61909.6 1
0.0362172 62117 1
0.0362856 62324.6 1
0.036354 62532.5 1
0.0364225 62740.6 1
0.0364911 62948.9 1
0.0365598 63157.4 1
0.0366285 63366.2 1
0.0366974 63575.2 1
0.0367663 63784.5 1
0.0368353 63993.9 1
0.0369043 64203.6 1
0.0369735 64413.6 1
0.0370427 64623.8 1
0.037112 64834.2 1
0.0371814 65044.8 1
0.0372509 65255.6 1
0.0373205 65466.7 1
0.0373901 65678 1
0.0374598 65889.6 1
0.0375296 66101.3 1
0.0375995 66313.3 1
0.0376694 66525.5 1
0.0377395 66737.9 1
0.0378096 66950.6 1
0.0378798 67163.5 1
0.03795 67376.6 1
0.0380204 67589.9 1
0.0380908 67803.5 1
0.0381613 68017.3 1
0.0382319 68231.2 1
0.0383025 68445.5 1
0.0383733 68659.9 1
0.0384441 68874.6 1
0.038515 69089.4 1
0.038586 69304.5 1
0.038657 69519.8 1
0.0387281 69735.4 1
0.0387994 69951.1 1
0.0388706 70167.1 1
0.038942 70383.3 1
0.0390134 70599.7 1
0.039085 70816.3 1
0.0391565 71033.1 1
0.0392282 71249.9 0
0.0393 71466.3 0
0.0393718 71682.3 0
0.0394437 71897.9 0
0.0395157 72113.1 0
0.0395877 72327.9 0
0.0396599 72542.3 0
0.0397321 72756.3 0
0.0398043 72969.8 0
0.0398767 73183 0
0.0399491 73395.8 0
0.0400217 73608.1 0
0.0400942 73820.1 0
0.0401669 74031.7 0
0.0402397 74242.8 0
0.0403125 74453.6 0
0.0403854 74664 0
0.0404583 74873.9 0
0.0405314 75083.5 0
0.0406045 75292.7 0
0.0406777 75501.5 0
0.0407509 75709.8 0
0.0408243 75917.8 0
0.0408977 76125.4 0
0.0409712 76332.6 0
0.0410448 76539.5 0
0.0411184 76745.9 0
0.0411921 76951.9 0
0.0412659 77157.6 0
0.0413398 77362.8 0
0.0414137 77567.7 0
0.0414877 77772.2 0
0.0415618 77976.3 0
0.041636 78180 0
0.0417102 78383.3 0
0.0417845 78586.2 0
0.0418589 78788.8 0
0.0419333 78991 0
0.0420079 79192.7 0
0.0420825 79394.1 0
0.0421572 79595.2 0
0.0422319 79795.8 0
0.0423067 79996.1 0
0.0423816 80196 0
0.0424566 80395.5 0
0.0425316 80594.6 0
0.0426067 80793.4 0
0.0426819 80991.8 0
0.0427572 81189.8 0
0.0428325 81387.4 0
0.0429079 81584.6 0
0.0429834 81781.5 0
0.0430589 81978 0
0.0431345 82174.2 0
0.0432102 82369.9 0
0.043286 82565.3 0
0.0433618 82760.4 0
0.0434377 82955 0
0.0435137 83149.3 0
0.0435897 83343.2 0
0.0436659 83536.8 0
0.043742 83730 0
0.0438183 83922.8 0
0.0438946 84115.3 0
0.043971 84307.4 0
0.0440475 84499.1 0
0.044124 84690.5 0
0.0442007 84881.5 0
0.0442773 85072.2 0
0.0443541 85262.5 0
0.0444309 85452.4 0
0.0445078 85642 0
0.0445848 85831.2 0
0.0446618 86020 0
0.0447389 86208.5 0
0.0448161 86396.7 0
0.0448933 86584.5 0
0.0449706 86771.9 0
0.045048 86959 0
0.0451255 87145.7 0
0.045203 87332.1 0
0.0452806 87518.1 0
0.0453582 87703.8 0
0.0454359 87889.1 0
0.0455137 88074.1 0
0.0455916 88258.7 0
0.0456695 88443 0
0.0457475 88626.9 0
0.0458256 88810.5 0
0.0459037 88993.7 0
0.045982 89176.6 0
0.0460602 89359.2 0
0.0461386 89541.4 0
0.046217 89723.2 0
0.0462955 89904.8 0
0.046374 90085.9 0
0.0464526 90266.8 0
0.0465313 90447.3 0
0.04661 90627.4 0
0.0466889 90807.2 0
0.0467677 90986.7 0
0.0468467 91165.8 0
0.0469257 91344.6 0
0.0470048 91523.1 0
0.0470839 91701.2 0
0.0471631 91879 0
0.0472424 92056.5 0
0.0473218 92233.6 0
0.0474012 92410.4 0
0.0474807 92586.9 0
0.0475602 92763 0
0.0476398 92938.8 0
0.0477195 93114.2 0
0.0477993 93289.4 0
0.0478791 93464.2 0
0.0479589 93638.7 0
0.0480389 93812.8 0
0.0481189 93986.7 0
0.048199 94160.2 0
0.0482791 94333.3 0
0.0483593 94506.2 0
0.0484396 94678.7 0
0.0485199 94850.9 0
0.0486003 95022.8 0
0.0486808 95194.3 0
0.0487613 95365.6 0
0.0488419 95536.5 0
0.0489226 95707.1 0
0.0490033 95877.4 0
0.0490841 96047.3 0
0.0491649 96217 0
0.0492458 96386.3 0
0.0493268 96555.3 0
0.0494078 96724 0
0.0494889 96892.3 0
0.0495701 97060.4 0
0.0496513 97228.1 0
0.0497326 97395.6 0
0.049814 97562.7 0
0.0498954 97729.5 0
0.0499769 97896 0
0.0500585 98062.2 0
0.0501401 98228 0
0.0502217 98393.6 0
0.0503035 98558.8 0
0.0503853 98723.8 0
0.0504671 98888.4 0
0.0505491 99052.8 0
0.0506311 99216.8 0
0.0507131 99380.5 0
0.0507952 99543.9 0
0.0508774 99707 0
0.0509596 99869.8 0
0.0510419 100032 0
0.0511243 100195 0
0.0512067 100356 0
0.0512892 100518 0
0.0513717 100679 0
0.0514543 100840 0
0.051537 101001 0
0.0516197 101161 0
0.0517025 101321 0
0.0517853 101481 0
0.0518683 101641 0
0.0519512 101800 0
0.0520343 101959 0
0.0521173 102118 0
0.0522005 102276 0
0.0522837 102434 0
0.052367 102592 0
0.0524503 102749 0
0.0525337 102906 0
0.0526172 103063 0
0.0527007 103220 0
0.0527842 103376 0
0.0528679 103532 0
0.0529516 103688 0
0.0530353 103843 0
0.0531191 103998 0
0.053203 104153 0
0.0532869 104308 0
0.0533709 104462 0
0.0534549 104616 0
0.053539 104769 0
0.0536232 104923 0
0.0537074 105076 0
0.0537917 105229 0
0.053876 105381 0
0.0539604 105534 0
0.0540449 105686 0
0.0541294 105837 0
0.054214 105989 0
0.0542986 106140 0
0.0543833 106291 0
0.054468 106442 0
0.0545528 106592 0
0.0546377 106742 0
0.0547226 106892 0
0.0548075 107041 0
0.0548926 107190 0
0.0549777 107339 0
0.0550628 107488 0
0.055148 107636 0
0.0552332 107785 0
0.0553186 107932 0
0.0554039 108080 0
0.0554894 108227 0
0.0555748 108374 0
0.0556604 108521 0
0.055746 108668 0
0.0558316 108814 0
0.0559173 108960 0
0.0560031 109106 0
0.0560889 109251 0
0.0561748 109396 0
0.0562607 109541 0
0.0563467 109686 0
0.0564327 109830 0
0.0565188 109974 0
0.0566049 110118 0
0.0566911 110262 0
0.0567774 110405 0
0.0568637 110548 0
0.0569501 110691 0
0.0570365 110833 0
0.057123 110976 0
0.0572095 111118 0
0.0572961 111259 0
0.0573827 111401 0
0.0574694 111542 0
0.0575562 111683 0
0.057643 111824 0
0.0577298 111964 0
0.0578167 112105 0
0.0579037 112245 0
0.0579907 112384 0
0.0580777 112524 0
0.0581649 112663 0
0.058252 112802 0
0.0583393 112941 0
0.0584265 113079 0
0.0585139 113217 0
0.0586013 113355 0
0.0586887 113493 0
0.0587762 113630 0
0.0588637 113767 0
0.0589513 113904 0
0.0590389 114041 0
0.0591266 114177 0
0.0592144 114314 0
0.0593022 114450 0
0.05939 114585 0
0.0594779 114721 0
0.0595659 114856 0
0.0596539 114991 0
0.059742 115126 0
0.0598301 115260 0
0.0599182 115394 0
0.0600064 115528 0
0.0600947 115662 0
0.060183 115796 0
0.0602714 115929 0
0.0603598 116062 0
0.0604482 116195 0
0.0605368 116327 0
0.0606253 116460 0
0.0607139 116592 0
0.0608026 116724 0
0.0608913 116855 0
0.0609801 116987 0
0.0610689 117118 0
0.0611577 117249 0
0.0612466 117379 0
0.0613356 117510 0
0.0614246 117640 0
0.0615137 117770 0
0.0616028 117900 0
0.0616919 118029 0
0.0617811 118158 0
0.0618704 118287 0
0.0619597 118416 0
0.062049 118545 0
0.0621384 118673 0
0.0622279 118801 0
0.0623174 118929 0
0.0624069 119057 0
0.0624965 119184 0
0.0625862 119311 0
0.0626758 119438 0
0.0627656 119565 0
0.0628554 119691 0
0.0629452 119818 0
0.0630351 119944 0
0.063125 120070 0
0.063215 120195 0
0.063305 120321 0
0.063395 120446 0
0.0634851 120571 0
0.0635753 120695 0
0.0636655 120820 0
0.0637558 120944 0
0.0638461 121068 0
0.0639364 121192 0
0.0640268 121316 0
0.0641172 121439 0
0.0642077 121562 0
0.0642982 121685 0
0.0643888 121808 0
0.0644794 121930 0
0.0645701 122053 0
0.0646608 122175 0
0.0647515 122297 0
0.0648423 122418 0
0.0649332 122540 0
0.0650241 122661 0
0.065115 122782 0
0.065206 122903 0
0.065297 123023 0
0.0653881 123144 0
0.0654792 123264 0
0.0655703 123384 0
0.0656615 123504 0
0.0657528 123623 0
0.0658441 123742 0
0.0659354 123861 0
0.0660268 123980 0
0.0661182 124099 0
0.0662097 124217 0
0.0663012 124336 0
0.0663927 124454 0
0.0664843 124572 0
0.066576 124689 0
0.0666676 124807 0
0.0667594 124924 0
0.0668511 125041 0
0.0669429 125158 0
0.0670348 125274 0
0.0671267 125391 0
0.0672186 125507 0
0.0673106 125623 0
0.0674026 125739 0
0.0674947 125854 0
0.0675868 125970 0
0.0676789 126085 0
0.0677711 126200 0
0.0678633 126315 0
0.0679556 126429 0
0.0680479 126543 0
0.0681403 126658 0
0.0682326 126772 0
0.0683251 126885 0
0.0684176 126999 0
0.0685101 127112 0
0.0686026 127226 0
0.0686952 127339 0
0.0687879 127451 0
0.0688805 127564 0
0.0689733 127676 0
0.069066 127788 0
0.0691588 127900 0
0.0692517 128012 0
0.0693445 128124 0
0.0694375 128235 0
0.0695304 128347 0
0.0696234 128458 0
0.0697164 128568 0
0.0698095 128679 0
0.0699026 128789 0
0.0699958 128900 0
0.070089 129010 0
0.0701822 129120 0
0.0702755 129229 0
0.0703688 129339 0
0.0704621 129448 0
0.0705555 129557 0
0.070649 129666 0
0.0707424 129775 0
0.0708359 129883 0
0.0709295 129992 0
0.071023 130100 0
0.0711167 130208 0
0.0712103 130316 0
0.071304 130423 0
0.0713977 130531 0
0.0714915 130638 0
0.0715853 130745 0
0.0716791 130852 0
0.071773 130959 0
0.0718669 131065 0
0.0719609 131171 0
0.0720549 131278 0
0.0721489 131384 0
0.0722429 131489 0
0.072337 131595 0
0.0724312 131700 0
0.0725253 131806 0
0.0726195 131911 0
0.0727138 132015 0
0.0728081 132120 0
0.0729024 132225 0
0.0729967 132329 0
0.0730911 132433 0
0.0731855 132537 0
0.07328 132641 0
0.0733745 132744 0
0.073469 132848 0
0.0735635 132951 0
0.0736581 133054 0
0.0737528 133157 0
0.0738474 133260 0
0.0739421 133362 0
0.0740369 133465 0
0.0741316 133567 0
0.0742264 133669 0
0.0743213 133771 0
0.0744161 133873 0
0.074511 133974 0
0.074606 134075 0
0.0747009 134177 0
0.0747959 134278 0
0.074891 134378 0
0.074986 134479 0
0.0750811 134579 0
0.0751763 134680 0
0.0752715 134780 0
0.0753667 134880 0
0.0754619 134980 0
0.0755572 135079 0
0.0756525 135179 0
0.0757478 135278 0
0.0758432 135377 0
0.0759385 135476 0
0.076034 135575 0
0.0761294 135673 0
0.0762249 135772 0
0.0763205 135870 0
0.076416 135968 0
0.0765116 136066 0
0.0766072 136164 0
0.0767029 136261 0
0.0767985 136359 0
0.0768943 136456 0
0.07699 136553 0
0.0770858 136650 0
0.0771816 136747 0
0.0772774 136844 0
0.0773733 136940 0
0.0774692 137036 0
0.0775651 137133 0
0.0776611 137229 0
0.077757 137324 0
0.0778531 137420 0
0.0779491 137515 0
0.0780452 137611 0
0.0781413 137706 0
0.0782374 137801 0
0.0783336 137896 0
0.0784298 137990 0
0.078526 138085 0
0.0786223 138179 0
0.0787185 138274 0
0.0788149 138368 0
0.0789112 138461 0
0.0790076 138555 0
0.079104 138649 0
0.0792004 138742 0
0.0792968 138835 0
0.0793933 138929 0
0.0794898 139022 0
0.0795864 139114 0
0.0796829 139207 0
0.0797795 139299 0
0.0798761 139392 0
0.0799728 139484 0
0.0800695 139576 0
0.0801662 139668 0
0.0802629 139760 0
0.0803597 139851 0
0.0804564 139942 0
0.0805532 140034 0
0.0806501 140125 0
0.0807469 140216 0
0.0808438 140307 0
0.0809408 140397 0
0.0810377 140488 0
0.0811347 140578 0
0.0812317 140668 0
0.0813287 140758 0
0.0814257 140848 0
0.0815228 140938 0
0.0816199 141028 0
0.081717 141117 0
0.0818142 141206 0
0.0819114 141295 0
0.0820086 141384 0
0.0821058 141473 0
0.082203 141562 0
0.0823003 141651 0
0.0823976 141739 0
0.0824949 141827 0
0.0825923 141915 0
0.0826897 142003 0
0.0827871 142091 0
0.0828845 142179 0
0.0829819 142266 0
0.0830794 142354 0
0.0831769 142441 0
0.0832744 142528 0
0.0833719 142615 0
0.0834695 142702 0
0.0835671 142788 0
0.0836647 142875 0
0.0837623 142961 0
0.08386 143048 0
0.0839577 143134 0
0.0840554 143220 0
0.0841531 143305 0
0.0842509 143391 0
0.0843486 143477 0
0.0844464 143562 0
0.0845442 143647 0
0.0846421 143732 0
0.0847399 143817 0
0.0848378 143902 0
0.0849357 143987 0
0.0850336 144071 0
0.0851316 144156 0
0.0852296 144240 0
0.0853275 144324 0
0.0854256 144408 0
0.0855236 144492 0
0.0856216 144576 0
0.0857197 144659 0
0.0858178 144743 0
0.0859159 144826 0
0.0860141 144909 0
0.0861122 144992 0
0.0862104 145075 0
0.0863086 145158 0
0.0864068 145241 0
0.0865051 145323 0
0.0866033 145406 0
0.0867016 145488 0
0.0867999 145570 0
0.0868982 145652 0
0.0869965 145734 0
0.0870949 145815 0
0.0871933 145897 0
0.0872917 145978 0
0.0873901 146060 0
0.0874885 146141 0
0.087587 146222 0
0.0876854 146303 0
0.0877839 146383 0
0.0878824 146464 0
0.0879809 146545 0
0.0880795 146625 0
0.088178 146705 0
0.0882766 146785 0
0.0883752 146865 0
0.0884738 146945 0
0.0885725 147025 0
0.0886711 147104 0
0.0887698 147184 0
0.0888685 147263 0
0.0889672 147342 0
0.0890659 147421 0
0.0891646 147500 0
0.0892634 147579 0
0.0893621 147658 0
0.0894609 147736 0
0.0895597 147815 0
0.0896586 147893 0
0.0897574 147971 0
0.0898562 148049 0
0.0899551 148127 0
0.090054 148205 0
0.0901529 148283 0
0.0902518 148360 0
0.0903507 148438 0
0.0904497 148515 0
0.0905486 148592 0
0.0906476 148669 0
0.0907466 148746 0
0.0908456 148823 0
0.0909446 148900 0
0.0910437 148976 0
0.0911427 149053 0
0.0912418 149129 0
0.0913409 149205 0
0.09144 149281 0
0.0915391 149357 0
0.0916382 149433 0
0.0917373 149509 0
0.0918365 149584 0
0.0919357 149660 0
0.0920348 149735 0
0.092134 149810 0
0.0922332 149885 0
0.0923325 149960 0
0.0924317 150035 0
0.0925309 150110 0
0.0926302 150184 0
0.0927295 150259 0
0.0928288 150333 0
0.0929281 150407 0
0.0930274 150482 0
0.0931267 150556 0
0.093226 150629 0
0.0933254 150703 0
0.0934247 150777 0
0.0935241 150850 0
0.0936235 150924 0
0.0937229 150997 0
0.0938223 151070 0
0.0939217 151143 0
0.0940211 151216 0
0.0941206 151289 0
0.09422 151362 0
0.0943195 151434 0
0.094419 151507 0
0.0945184 151579 0
0.0946179 151652 0
0.0947175 151724 0
0.094817 151796 0
0.0949165 151868 0
0.095016 151939 0
0.0951156 152011 0
0.0952151 152083 0
0.0953147 152154 0
0.0954143 152225 0
0.0955139 152297 0
0.0956135 152368 0
0.0957131 152439 0
0.0958127 152510 0
0.0959123 152580 0
0.096012 152651 0
0.0961116 152722 0
0.0962112 152792 0
0.0963109 152862 0
0.0964106 152933 0
0.0965103 153003 0
0.0966099 153073 0
0.0967096 153143 0
0.0968093 153212 0
0.0969091 153282 0
0.0970088 153352 0
0.0971085 153421 0
0.0972082 153490 0
0.097308 153559 0
0.0974077 153629 0
0.0975075 153698 0
0.0976073 153766 0
0.097707 153835 0
0.0978068 153904 0
0.0979066 153972 0
0.0980064 154041 0
0.0981062 154109 0
0.098206 154177 0
0.0983058 154246 0
0.0984056 154314 0
0.0985055 154382 0
0.0986053 154449 0
0.0987051 154517 0
0.098805 154585 0
0.0989048 154652 0
0.0990047 154720 0
0.0991046 154787 0
0.0992044 154854 0
0.0993043 154921 0
0.0994042 154988 0
0.0995041 155055 0
0.0996039 155122 0
0.0997038 155188 0
0.0998037 155255 0
0.0999036 155321 0
0.100004 155387 0
0.100103 155454 0
0.100203 155520 0
0.100303 155586 0
0.100403 155652 0
0.100503 155718 0
0.100603 155783 0
0.100703 155849 0
0.100803 155914 0
0.100903 155980 0
0.101003 156045 0
0.101103 156110 0
0.101203 156175 0
0.101303 156240 0
0.101403 156305 0
0.101503 156370 0
0.101603 156435 0
0.101703 156499 0
0.101803 156564 0
0.101903 156628 0
0.102003 156692 0
0.102102 156757 0
0.102202 156821 0
0.102302 156885 0
0.102402 156948 0
0.102502 157012 0
0.102602 157076 0
0.102702 157139 0
0.102802 157203 0
0.102902 157266 0
0.103002 157330 0
0.103102 157393 0
0.103202 157456 0
0.103302 157519 0
0.103402 157582 0
0.103502 157644 0
0.103602 157707 0
0.103702 157763 1
0.103802 157754 1
0.103902 157608 1
