0.02 0 0
0.02001 89.9298 0
0.0200214 105.484 1
0.0200334 123.408 1
0.020046 142.806 1
0.0200589 163.45 1
0.0200723 185.214 1
0.020086 208.012 1
0.0201001 231.779 1
0.0201145 256.467 1
0.0201292 282.038 1
0.0201442 308.459 1
0.0201595 335.703 1
0.020175 363.747 1
0.0201908 392.569 1
0.0202069 422.153 1
0.0202232 452.483 1
0.0202398 483.543 1
0.0202566 515.322 1
0.0202736 547.808 1
0.0202909 580.99 1
0.0203084 614.858 1
0.0203261 649.403 1
0.020344 684.617 1
0.0203621 720.492 1
0.0203805 757.02 1
0.0203991 794.196 1
0.0204178 832.012 1
0.0204368 870.463 1
0.020456 909.542 1
0.0204753 949.245 1
0.0204949 989.567 1
0.0205147 1030.5 1
0.0205346 1072.05 1
0.0205547 1114.19 1
0.0205751 1156.94 1
0.0205956 1200.29 1
0.0206163 1244.23 1
0.0206372 1288.76 1
0.0206583 1333.87 1
0.0206795 1379.56 1
0.0207009 1425.84 1
0.0207225 1472.69 1
0.0207443 1520.11 1
0.0207663 1568.1 1
0.0207884 1616.66 1
0.0208107 1665.78 1
0.0208332 1715.47 1
0.0208559 1765.71 1
0.0208787 1816.51 1
0.0209017 1867.86 1
0.0209248 1919.77 1
0.0209482 1972.23 1
0.0209717 2025.23 1
0.0209953 2078.78 1
0.0210191 2132.87 1
0.0210431 2187.5 1
0.0210673 2242.67 1
0.0210916 2298.38 1
0.021116 2354.62 1
0.0211407 2411.4 1
0.0211655 2468.71 1
0.0211904 2526.54 1
0.0212155 2584.91 1
0.0212408 2643.8 1
0.0212662 2703.22 1
0.0212918 2763.16 1
0.0213175 2823.62 1
0.0213434 2884.6 1
0.0213694 2946.1 1
0.0213956 3008.11 1
0.021422 3070.64 1
0.0214485 3133.69 1
0.0214751 3197.24 1
0.0215019 3261.31 1
0.0215289 3325.89 1
0.021556 3390.97 1
0.0215832 3456.56 1
0.0216106 3522.66 1
0.0216382 3589.26 1
0.0216659 3656.37 1
0.0216937 3723.97 1
0.0217217 3792.08 1
0.0217498 3860.68 1
0.0217781 3929.79 1
0.0218065 3999.39 1
0.0218351 4069.48 1
0.0218638 4140.07 1
0.0218927 4211.15 1
0.0219217 4282.73 1
0.0219508 4354.79 1
0.0219801 4427.35 1
0.0220096 4500.39 1
0.0220392 4573.92 1
0.0220689 4647.94 1
0.0220987 4722.44 1
0.0221287 4797.43 1
0.0221589 4872.9 1
0.0221892 4948.85 1
0.0222196 5025.29 1
0.0222502 5102.2 1
0.0222809 5179.59 1
0.0223117 5257.46 1
0.0223427 5335.81 1
0.0223738 5414.64 1
0.022405 5493.94 1
0.0224364 5573.71 1
0.022468 5653.96 1
0.0224996 5734.68 1
0.0225314 5815.87 1
0.0225634 5897.53 1
0.0225955 5979.66 1
0.0226277 6062.26 1
0.02266 6145.33 1
0.0226925 6228.87 1
0.0227251 6312.87 1
0.0227579 6397.33 1
0.0227907 6482.26 1
0.0228238 6567.65 1
0.0228569 6653.51 1
0.0228902 6739.83 1
0.0229236 6826.6 1
0.0229572 6913.84 1
0.0229908 7001.54 1
0.0230246 7089.69 1
0.0230586 7178.3 1
0.0230927 7267.37 1
0.0231269 7356.9 1
0.0231612 7446.87 1
0.0231957 7537.31 1
0.0232303 7628.19 1
0.023265 7719.53 1
0.0232999 7811.32 1
0.0233349 7903.56 1
0.02337 7996.25 1
0.0234052 8089.39 1
0.0234406 8182.98 1
0.0234761 8277.01 1
0.0235118 8371.49 1
0.0235475 8466.42 1
0.0235834 8561.8 1
0.0236194 8657.61 1
0.0236556 8753.87 1
0.0236918 8850.58 1
0.0237283 8947.72 1
0.0237648 9045.31 1
0.0238014 9143.34 1
0.0238382 9241.81 1
0.0238751 9340.71 1
0.0239122 9440.06 1
0.0239493 9539.84 1
0.0239866 9640.06 1
0.024024 9740.72 1
0.0240615 9841.81 1
0.0240992 9943.34 1
0.024137 10045.3 1
0.0241749 10147.7 1
0.0242129 10250.5 1
0.0242511 10353.8 1
0.0242894 10457.5 1
0.0243278 10561.6 1
0.0243663 10666.1 1
0.024405 10771.1 1
0.0244437 10876.5 1
0.0244826 10982.3 1
0.0245217 11088.6 1
0.0245608 11195.3 1
0.0246001 11302.4 1
0.0246395 11409.9 1
0.024679 11517.9 1
0.0247186 11626.3 1
0.0247584 11735.1 1
0.0247982 11844.3 1
0.0248382 11954 1
0.0248783 12064 1
0.0249186 12174.5 1
0.0249589 12285.4 1
0.0249994 12396.8 1
0.02504 12508.5 1
0.0250807 12620.7 1
0.0251216 12733.2 1
0.0251625 12846.2 1
0.0252036 12959.6 1
0.0252448 13073.5 1
0.0252861 13187.7 1
0.0253276 13302.3 1
0.0253691 13417.4 1
0.0254108 13532.9 1
0.0254526 13648.8 1
0.0254945 13765.1 1
0.0255366 13881.8 1
0.0255787 13998.9 1
0.025621 14116.4 1
0.0256634 14234.3 1
0.0257059 14352.7 1
0.0257485 14471.4 1
0.0257912 14590.6 1
0.0258341 14710.1 1
0.025877 14830.1 1
0.0259201 14950.4 1
0.0259633 15071.2 1
0.0260067 15192.4 1
0.0260501 15313.9 1
0.0260936 15435.9 1
0.0261373 15558.3 1
0.0261811 15681.1 1
0.026225 15804.2 1
0.026269 15927.8 1
0.0263131 16051.8 1
0.0263574 16176.1 1
0.0264018 16300.9 1
0.0264462 16426.1 1
0.0264908 16551.6 1
0.0265355 16677.6 1
0.0265804 16803.9 1
0.0266253 16930.6 1
0.0266703 17057.8 1
0.0267155 17185.3 1
0.0267608 17313.2 1
0.0268062 17441.5 1
0.0268517 17570.2 1
0.0268973 17699.3 1
0.026943 17828.7 1
0.0269889 17958.6 1
0.0270348 18088.9 1
0.0270809 18219.5 1
0.0271271 18350.5 1
0.0271734 18481.9 1
0.0272198 18613.7 1
0.0272663 18745.9 1
0.027313 18878.5 1
0.0273597 19011.4 1
0.0274066 19144.7 1
0.0274535 19278.5 1
0.0275006 19412.6 1
0.0275478 19547 1
0.0275951 19681.9 1
0.0276425 19817.1 1
0.02769 19952.7 1
0.0277377 20088.7 1
0.0277854 20225.1 1
0.0278333 20361.9 1
0.0278813 20499 1
0.0279293 20636.5 1
0.0279775 20774.4 1
0.0280258 20912.6 1
0.0280742 21051.2 1
0.0281227 21190.2 1
0.0281714 21329.6 1
0.0282201 21469.4 1
0.028269 21609.5 1
0.0283179 21750 1
0.028367 21890.8 1
0.0284162 22032.1 1
0.0284654 22173.7 1
0.0285148 22315.6 1
0.0285643 22458 1
0.028614 22600.7 1
0.0286637 22743.7 1
0.0287135 22887.2 1
0.0287634 23031 1
0.0288135 23175.2 1
0.0288636 23319.7 1
0.0289139 23464.6 1
0.0289642 23609.9 1
0.0290147 23755.5 1
0.0290653 23901.5 1
0.029116 24047.8 1
0.0291668 24194.5 1
0.0292177 24341.6 1
0.0292687 24489 1
0.0293198 24636.8 1
0.029371 24785 1
0.0294224 24933.5 1
0.0294738 25082.4 1
0.0295253 25231.6 1
0.029577 25381.2 1
0.0296287 25531.1 1
0.0296806 25681.4 1
0.0297326 25832 1
0.0297846 25983 1
0.0298368 26134.4 1
0.0298891 26286.1 1
0.0299415 26438.1 1
0.029994 26590.6 1
0.0300466 26743.3 1
0.0300993 26896.4 1
0.0301521 27049.9 1
0.030205 27203.7 1
0.030258 27357.9 1
0.0303111 27512.4 1
0.0303643 27667.2 1
0.0304177 27822.4 1
0.0304711 27978 1
0.0305246 28133.9 1
0.0305783 28290.1 1
0.030632 28446.7 1
0.0306859 28603.6 1
0.0307398 28760.9 1
0.0307939 28918.5 1
0.030848 29076.5 1
0.0309023 29234.8 1
0.0309566 29393.4 1
0.0310111 29552.4 1
0.0310657 29711.7 1
0.0311203 29871.4 1
0.0311751 30031.4 1
0.03123 30191.7 1
0.031285 30352.4 1
0.03134 30513.4 1
0.0313952 30674.8 1
0.0314505 30836.4 1
0.0315059 30998.5 1
0.0315614 31160.8 1
0.031617 31323.5 1
0.0316726 31486.5 1
0.0317284 31649.9 1
0.0317843 31813.6 1
0.0318403 31977.6 1
0.0318964 32142 1
0.0319526 32306.6 1
0.0320089 32471.7 1
0.0320653 32637 1
0.0321218 32802.7 1
0.0321784 32968.7 1
0.0322351 33135 1
0.0322919 33301.7 1
0.0323488 33468.7 1
0.0324058 33636 1
0.0324628 33803.6 1
0.03252 33971.6 1
0.0325773 34139.9 1
0.0326347 34308.5 1
0.0326922 34477.4 1
0.0327498 34646.7 1
0.0328075 34816.2 1
0.0328653 34986.1 1
0.0329232 35156.4 1
0.0329812 35326.9 1
0.0330392 35497.8 1
0.0330974 35669 1
0.0331557 35840.5 1
0.0332141 36012.3 1
0.0332726 36184.4 1
0.0333311 36356.9 1
0.0333898 36529.6 1
0.0334486 36702.7 1
0.0335075 36876.1 1
0.0335664 37049.9 1
0.0336255 37223.9 1
0.0336847 37398.2 1
0.0337439 37572.9 1
0.0338033 37747.9 1
0.0338627 37923.2 1
0.0339223 38098.8 1
0.0339819 38274.7 1
0.0340417 38450.9 1
0.0341015 38627.4 1
0.0341614 38804.2 1
0.0342215 38981.4 1
0.0342816 39158.8 1
0.0343418 39336.6 1
0.0344021 39514.7 1
0.0344625 39693.1 1
0.0345231 39871.7 1
0.0345837 40050.7 1
0.0346444 40230 1
0.0347052 40409.6 1
0.0347661 40589.5 1
0.034827 40769.7 1
0.0348881 40950.2 1
0.0349493 41131 1
0.0350106 41312.1 1
0.0350719 41493.5 1
0.0351334 41675.3 1
0.035195 41857.3 1
0.0352566 42039.6 1
0.0353184 42222.2 1
0.0353802 42405.1 1
0.0354421 42588.3 1
0.0355042 42771.8 1
0.0355663 42955.6 1
0.0356285 43139.7 1
0.0356908 43324.1 1
0.0357532 43508.8 1
0.0358157 43693.7 1
0.0358783 43879 1
0.035941 44064.6 1
0.0360037 44250.4 1
0.0360666 44436.6 1
0.0361296 44623 1
0.0361926 44809.8 1
0.0362558 44996.8 1
0.036319 45184.1 1
0.0363823 45371.7 1
0.0364458 45559.6 1
0.0365093 45747.8 1
0.0365729 45936.2 1
0.0366366 46125 1
0.0367004 46314 1
0.0367642 46503.3 1
0.0368282 46692.9 1
0.0368923 46882.8 1
0.0369564 47073 1
0.0370207 47263.5 1
0.037085 47454.2 1
0.0371494 47645.3 1
0.037214 47836.6 1
0.0372786 48028.2 1
0.0373433 48220 1
0.0374081 48412.2 1
0.0374729 48604.6 1
0.0375379 48797.3 1
0.037603 48990.3 1
0.0376681 49183.6 1
0.0377334 49377.1 1
0.0377987 49571 1
0.0378641 49765.1 1
0.0379296 49959.4 1
0.0379952 50154.1 1
0.0380609 50349 1
0.0381267 50544.2 1
0.0381926 50739.7 1
0.0382585 50935.4 1
0.0383246 51131.4 1
0.0383907 51327.7 1
0.038457 51524.3 1
0.0385233 51721.1 1
0.0385897 51918.2 1
0.0386562 52115.6 1
0.0387227 52313.3 1
0.0387894 52511.2 1
0.0388562 52709.3 1
0.038923 52907.8 1
0.0389899 53106.5 1
0.039057 53305.5 1
0.0391241 53504.7 1
0.0391913 53704.2 1
0.0392585 53904 1
0.0393259 54104.1 1
0.0393934 54304.4 1
0.0394609 54504.9 1
0.0395285 54705.8 1
0.0395963 54906.9 1
0.0396641 55108.2 1
0.0397319 55309.4 0
0.0397999 55510.3 0
0.039868 55710.8 0
0.0399361 55911.1 0
0.0400044 56111 0
0.0400727 56310.7 0
0.0401411 56510.1 0
0.0402096 56709.1 0
0.0402782 56907.9 0
0.0403468 57106.4 0
0.0404156 57304.5 0
0.0404844 57502.4 0
0.0405534 57699.9 0
0.0406224 57897.2 0
0.0406915 58094.2 0
0.0407606 58290.8 0
0.0408299 58487.2 0
0.0408992 58683.3 0
0.0409687 58879 0
0.0410382 59074.5 0
0.0411078 59269.6 0
0.0411775 59464.5 0
0.0412472 59659.1 0
0.0413171 59853.3 0
0.041387 60047.3 0
0.0414571 60241 0
0.0415272 60434.4 0
0.0415974 60627.4 0
0.0416676 60820.2 0
0.041738 61012.7 0
0.0418084 61204.9 0
0.0418789 61396.8 0
0.0419496 61588.3 0
0.0420202 61779.6 0
0.042091 61970.6 0
0.0421619 62161.3 0
0.0422328 62351.7 0
0.0423038 62541.8 0
0.0423749 62731.6 0
0.0424461 62921.1 0
0.0425174 63110.3 0
0.0425887 63299.3 0
0.0426602 63487.9 0
0.0427317 63676.2 0
0.0428033 63864.2 0
0.0428749 64052 0
0.0429467 64239.4 0
0.0430185 64426.6 0
0.0430905 64613.4 0
0.0431625 64800 0
0.0432345 64986.2 0
0.0433067 65172.2 0
0.043379 65357.9 0
0.0434513 65543.2 0
0.0435237 65728.3 0
0.0435962 65913.1 0
0.0436687 66097.6 0
0.0437414 66281.8 0
0.0438141 66465.8 0
0.0438869 66649.4 0
0.0439598 66832.7 0
0.0440328 67015.8 0
0.0441058 67198.5 0
0.044179 67381 0
0.0442522 67563.1 0
0.0443255 67745 0
0.0443988 67926.6 0
0.0444723 68107.9 0
0.0445458 68288.9 0
0.0446194 68469.6 0
0.0446931 68650.1 0
0.0447669 68830.2 0
0.0448407 69010.1 0
0.0449146 69189.6 0
0.0449886 69368.9 0
0.0450627 69547.9 0
0.0451368 69726.6 0
0.0452111 69905 0
0.0452854 70083.1 0
0.0453598 70261 0
0.0454342 70438.5 0
0.0455088 70615.8 0
0.0455834 70792.8 0
0.0456581 70969.4 0
0.0457329 71145.9 0
0.0458077 71322 0
0.0458827 71497.8 0
0.0459577 71673.4 0
0.0460328 71848.6 0
0.0461079 72023.6 0
0.0461832 72198.3 0
0.0462585 72372.7 0
0.0463339 72546.9 0
0.0464093 72720.7 0
0.0464849 72894.3 0
0.0465605 73067.6 0
0.0466362 73240.6 0
0.046712 73413.3 0
0.0467878 73585.8 0
0.0468637 73757.9 0
0.0469397 73929.8 0
0.0470158 74101.4 0
0.047092 74272.7 0
0.0471682 74443.8 0
0.0472445 74614.5 0
0.0473209 74785 0
0.0473973 74955.2 0
0.0474738 75125.2 0
0.0475504 75294.8 0
0.0476271 75464.2 0
0.0477039 75633.3 0
0.0477807 75802.1 0
0.0478576 75970.6 0
0.0479346 76138.9 0
0.0480116 76306.9 0
0.0480887 76474.6 0
0.0481659 76642 0
0.0482432 76809.2 0
0.0483205 76976.1 0
0.0483979 77142.7 0
0.0484754 77309.1 0
0.048553 77475.1 0
0.0486306 77640.9 0
0.0487083 77806.4 0
0.0487861 77971.7 0
0.048864 78136.7 0
0.0489419 78301.4 0
0.0490199 78465.8 0
0.0490979 78630 0
0.0491761 78793.8 0
0.0492543 78957.5 0
0.0493326 79120.8 0
0.0494109 79283.9 0
0.0494894 79446.7 0
0.0495679 79609.2 0
0.0496465 79771.5 0
0.0497251 79933.5 0
0.0498038 80095.3 0
0.0498826 80256.7 0
0.0499615 80417.9 0
0.0500404 80578.9 0
0.0501194 80739.5 0
0.0501985 80899.9 0
0.0502776 81060.1 0
0.0503568 81219.9 0
0.0504361 81379.6 0
0.0505155 81538.9 0
0.0505949 81698 0
0.0506744 81856.8 0
0.050754 82015.3 0
0.0508336 82173.6 0
0.0509133 82331.6 0
0.0509931 82489.4 0
0.0510729 82646.9 0
0.0511528 82804.1 0
0.0512328 82961.1 0
0.0513129 83117.8 0
0.051393 83274.3 0
0.0514732 83430.5 0
0.0515534 83586.4 0
0.0516338 83742.1 0
0.0517142 83897.5 0
0.0517946 84052.6 0
0.0518752 84207.5 0
0.0519558 84362.2 0
0.0520364 84516.6 0
0.0521172 84670.7 0
0.052198 84824.5 0
0.0522789 84978.2 0
0.0523598 85131.5 0
0.0524408 85284.6 0
0.0525219 85437.5 0
0.052603 85590 0
0.0526843 85742.4 0
0.0527655 85894.5 0
0.0528469 86046.3 0
0.0529283 86197.8 0
0.0530098 86349.2 0
0.0530913 86500.2 0
0.0531729 86651 0
0.0532546 86801.6 0
0.0533364 86951.9 0
0.0534182 87102 0
0.0535001 87251.8 0
0.053582 87401.3 0
0.053664 87550.6 0
0.0537461 87699.7 0
0.0538282 87848.5 0
0.0539104 87997.1 0
0.0539927 88145.4 0
0.0540751 88293.4 0
0.0541575 88441.2 0
0.0542399 88588.8 0
0.0543225 88736.1 0
0.0544051 88883.2 0
0.0544877 89030 0
0.0545705 89176.6 0
0.0546533 89322.9 0
0.0547361 89469 0
0.0548191 89614.9 0
0.054902 89760.5 0
0.0549851 89905.8 0
0.0550682 90050.9 0
0.0551514 90195.8 0
0.0552346 90340.4 0
0.0553179 90484.8 0
0.0554013 90629 0
0.0554847 90772.9 0
0.0555682 90916.5 0
0.0556518 91059.9 0
0.0557354 91203.1 0
0.0558191 91346.1 0
0.0559029 91488.8 0
0.0559867 91631.2 0
0.0560706 91773.4 0
0.0561545 91915.4 0
0.0562385 92057.2 0
0.0563226 92198.7 0
0.0564067 92339.9 0
0.0564909 92481 0
0.0565751 92621.8 0
0.0566594 92762.3 0
0.0567438 92902.6 0
0.0568282 93042.7 0
0.0569127 93182.6 0
0.0569973 93322.2 0
0.0570819 93461.6 0
0.0571666 93600.7 0
0.0572513 93739.6 0
0.0573361 93878.3 0
0.057421 94016.8 0
0.0575059 94155 0
0.0575909 94293 0
0.0576759 94430.7 0
0.057761 94568.2 0
0.0578462 94705.5 0
0.0579314 94842.6 0
0.0580167 94979.4 0
0.058102 95116 0
0.0581874 95252.4 0
0.0582729 95388.5 0
0.0583584 95524.4 0
0.058444 95660.1 0
0.0585297 95795.6 0
0.0586154 95930.8 0
0.0587011 96065.8 0
0.0587869 96200.6 0
0.0588728 96335.1 0
0.0589587 96469.4 0
0.0590447 96603.5 0
0.0591308 96737.4 0
0.0592169 96871 0
0.0593031 97004.5 0
0.0593893 97137.7 0
0.0594756 97270.6 0
0.0595619 97403.4 0
0.0596483 97535.9 0
0.0597348 97668.2 0
0.0598213 97800.3 0
0.0599079 97932.2 0
0.0599945 98063.8 0
0.0600812 98195.2 0
0.0601679 98326.4 0
0.0602547 98457.4 0
0.0603416 98588.1 0
0.0604285 98718.7 0
0.0605155 98849 0
0.0606025 98979.1 0
0.0606896 99109 0
0.0607767 99238.7 0
0.0608639 99368.1 0
0.0609512 99497.3 0
0.0610385 99626.3 0
0.0611259 99755.1 0
0.0612133 99883.7 0
0.0613008 100012 0
0.0613883 100140 0
0.0614759 100268 0
0.0615635 100396 0
0.0616512 100523 0
0.061739 100651 0
0.0618268 100778 0
0.0619146 100905 0
0.0620025 101031 0
0.0620905 101158 0
0.0621785 101284 0
0.0622666 101410 0
0.0623547 101536 0
0.0624429 101661 0
0.0625312 101787 0
0.0626195 101912 0
0.0627078 102037 0
0.0627962 102162 0
0.0628847 102286 0
0.0629732 102410 0
0.0630617 102535 0
0.0631503 102659 0
0.063239 102782 0
0.0633277 102906 0
0.0634165 103029 0
0.0635053 103152 0
0.0635942 103275 0
0.0636831 103398 0
0.0637721 103520 0
0.0638611 103642 0
0.0639502 103764 0
0.0640394 103886 0
0.0641286 104008 0
0.0642178 104129 0
0.0643071 104251 0
0.0643964 104372 0
0.0644858 104493 0
0.0645753 104613 0
0.0646648 104734 0
0.0647543 104854 0
0.0648439 104974 0
0.0649336 105094 0
0.0650233 105213 0
0.065113 105333 0
0.0652028 105452 0
0.0652927 105571 0
0.0653826 105690 0
0.0654725 105809 0
0.0655625 105927 0
0.0656526 106045 0
0.0657427 106163 0
0.0658328 106281 0
0.065923 106399 0
0.0660133 106516 0
0.0661036 106633 0
0.0661939 106751 0
0.0662843 106867 0
0.0663747 106984 0
0.0664652 107101 0
0.0665558 107217 0
0.0666464 107333 0
0.066737 107449 0
0.0668277 107565 0
0.0669184 107680 0
0.0670092 107795 0
0.0671 107910 0
0.0671909 108025 0
0.0672818 108140 0
0.0673728 108255 0
0.0674638 108369 0
0.0675549 108483 0
0.067646 108597 0
0.0677371 108711 0
0.0678283 108825 0
0.0679196 108938 0
0.0680109 109051 0
0.0681022 109164 0
0.0681936 109277 0
0.0682851 109390 0
0.0683766 109502 0
0.0684681 109614 0
0.0685597 109726 0
0.0686513 109838 0
0.0687429 109950 0
0.0688347 110062 0
0.0689264 110173 0
0.0690182 110284 0
0.0691101 110395 0
0.069202 110506 0
0.0692939 110617 0
0.0693859 110727 0
0.0694779 110837 0
0.06957 110947 0
0.0696621 111057 0
0.0697543 111167 0
0.0698465 111276 0
0.0699387 111386 0
0.070031 111495 0
0.0701233 111604 0
0.0702157 111713 0
0.0703081 111821 0
0.0704006 111930 0
0.0704931 112038 0
0.0705857 112146 0
0.0706783 112254 0
0.0707709 112361 0
0.0708636 112469 0
0.0709563 112576 0
0.0710491 112684 0
0.0711419 112791 0
0.0712347 112897 0
0.0713276 113004 0
0.0714206 113110 0
0.0715135 113217 0
0.0716066 113323 0
0.0716996 113429 0
0.0717927 113535 0
0.0718859 113640 0
0.0719791 113746 0
0.0720723 113851 0
0.0721656 113956 0
0.0722589 114061 0
0.0723522 114165 0
0.0724456 114270 0
0.072539 114374 0
0.0726325 114479 0
0.072726 114583 0
0.0728196 114686 0
0.0729132 114790 0
0.0730068 114894 0
0.0731005 114997 0
0.0731942 115100 0
0.0732879 115203 0
0.0733817 115306 0
0.0734756 115409 0
0.0735694 115511 0
0.0736633 115613 0
0.0737573 115716 0
0.0738513 115818 0
0.0739453 115919 0
0.0740394 116021 0
0.0741335 116122 0
0.0742276 116224 0
0.0743218 116325 0
0.074416 116426 0
0.0745102 116527 0
0.0746045 116627 0
0.0746989 116728 0
0.0747932 116828 0
0.0748876 116928 0
0.0749821 117028 0
0.0750766 117128 0
0.0751711 117228 0
0.0752656 117327 0
0.0753602 117427 0
0.0754549 117526 0
0.0755495 117625 0
0.0756442 117724 0
0.075739 117822 0
0.0758337 117921 0
0.0759286 118019 0
0.0760234 118117 0
0.0761183 118215 0
0.0762132 118313 0
0.0763082 118411 0
0.0764031 118508 0
0.0764982 118606 0
0.0765932 118703 0
0.0766883 118800 0
0.0767835 118897 0
0.0768786 118994 0
0.0769738 119090 0
0.0770691 119187 0
0.0771643 119283 0
0.0772596 119379 0
0.077355 119475 0
0.0774503 119571 0
0.0775457 119667 0
0.0776412 119762 0
0.0777367 119857 0
0.0778322 119953 0
0.0779277 120048 0
0.0780233 120143 0
0.0781189 120237 0
0.0782145 120332 0
0.0783102 120426 0
0.0784059 120520 0
0.0785017 120615 0
0.0785974 120708 0
0.0786932 120802 0
0.0787891 120896 0
0.0788849 120989 0
0.0789808 121083 0
0.0790768 121176 0
0.0791728 121269 0
0.0792687 121362 0
0.0793648 121455 0
0.0794608 121547 0
0.0795569 121640 0
0.0796531 121732 0
0.0797492 121824 0
0.0798454 121916 0
0.0799416 122008 0
0.0800379 122099 0
0.0801341 122191 0
0.0802305 122282 0
0.0803268 122373 0
0.0804232 122465 0
0.0805196 122555 0
0.080616 122646 0
0.0807125 122737 0
0.080809 122827 0
0.0809055 122918 0
0.081002 123008 0
0.0810986 123098 0
0.0811952 123188 0
0.0812918 123278 0
0.0813885 123367 0
0.0814852 123457 0
0.0815819 123546 0
0.0816787 123635 0
0.0817755 123724 0
0.0818723 123813 0
0.0819691 123902 0
0.082066 123990 0
0.0821629 124079 0
0.0822598 124167 0
0.0823568 124255 0
0.0824537 124343 0
0.0825507 124431 0
0.0826478 124519 0
0.0827448 124607 0
0.0828419 124694 0
0.082939 124781 0
0.0830362 124868 0
0.0831334 124955 0
0.0832306 125042 0
0.0833278 125129 0
0.083425 125216 0
0.0835223 125302 0
0.0836196 125389 0
0.0837169 125475 0
0.0838143 125561 0
0.0839117 125647 0
0.0840091 125732 0
0.0841065 125818 0
0.084204 125904 0
0.0843014 125989 0
0.0843989 126074 0
0.0844965 126159 0
0.084594 126244 0
0.0846916 126329 0
0.0847892 126414 0
0.0848868 126498 0
0.0849845 126583 0
0.0850822 126667 0
0.0851799 126751 0
0.0852776 126835 0
0.0853754 126919 0
0.0854731 127002 0
0.0855709 127086 0
0.0856688 127169 0
0.0857666 127253 0
0.0858645 127336 0
0.0859624 127419 0
0.0860603 127502 0
0.0861582 127585 0
0.0862562 127667 0
0.0863542 127750 0
0.0864522 127832 0
0.0865502 127915 0
0.0866483 127997 0
0.0867463 128079 0
0.0868444 128160 0
0.0869425 128242 0
0.0870407 128324 0
0.0871388 128405 0
0.087237 128487 0
0.0873352 128568 0
0.0874335 128649 0
0.0875317 128730 0
0.08763 128811 0
0.0877283 128891 0
0.0878266 128972 0
0.0879249 129052 0
0.0880233 129133 0
0.0881216 129213 0
0.08822 129293 0
0.0883184 129373 0
0.0884169 129452 0
0.0885153 129532 0
0.0886138 129612 0
0.0887123 129691 0
0.0888108 129770 0
0.0889093 129849 0
0.0890079 129928 0
0.0891064 130007 0
0.089205 130086 0
0.0893036 130165 0
0.0894022 130243 0
0.0895009 130322 0
0.0895996 130400 0
0.0896982 130478 0
0.0897969 130556 0
0.0898956 130634 0
0.0899944 130712 0
0.0900931 130789 0
0.0901919 130867 0
0.0902907 130944 0
0.0903895 131021 0
0.0904883 131099 0
0.0905872 131176 0
0.090686 131253 0
0.0907849 131329 0
0.0908838 131406 0
0.0909827 131483 0
0.0910816 131559 0
0.0911806 131635 0
0.0912795 131711 0
0.0913785 131787 0
0.0914775 131863 0
0.0915765 131939 0
0.0916755 132015 0
0.0917745 132090 0
0.0918736 132166 0
0.0919727 132241 0
0.0920717 132316 0
0.0921708 132391 0
0.09227 132466 0
0.0923691 132541 0
0.0924682 132616 0
0.0925674 132691 0
0.0926666 132765 0
0.0927658 132839 0
0.092865 132914 0
0.0929642 132988 0
0.0930634 133062 0
0.0931626 133136 0
0.0932619 133210 0
0.0933612 133283 0
0.0934605 133357 0
0.0935598 133430 0
0.0936591 133504 0
0.0937584 133577 0
0.0938577 133650 0
0.0939571 133723 0
0.0940564 133796 0
0.0941558 133868 0
0.0942552 133941 0
0.0943546 134014 0
0.094454 134086 0
0.0945535 134158 0
0.0946529 134230 0
0.0947523 134302 0
0.0948518 134374 0
0.0949513 134446 0
0.0950508 134518 0
0.0951503 134590 0
0.0952498 134661 0
0.0953493 134732 0
0.0954488 134804 0
0.0955484 134875 0
0.0956479 134946 0
0.0957475 135017 0
0.095847 135088 0
0.0959466 135158 0
0.0960462 135229 0
0.0961458 135299 0
0.0962454 135370 0
0.0963451 135440 0
0.0964447 135510 0
0.0965443 135580 0
0.096644 135650 0
0.0967436 135720 0
0.0968433 135790 0
0.096943 135859 0
0.0970427 135929 0
0.0971424 135998 0
0.0972421 136067 0
0.0973418 136136 0
0.0974415 136205 0
0.0975413 136274 0
0.097641 136343 0
0.0977407 136412 0
0.0978405 136481 0
0.0979403 136549 0
0.09804 136617 0
0.0981398 136686 0
0.0982396 136754 0
0.0983394 136822 0
0.0984392 136890 0
0.098539 136958 0
0.0986388 137026 0
0.0987386 137093 0
0.0988385 137161 0
0.0989383 137228 0
0.0990381 137296 0
0.099138 137363 0
0.0992378 137430 0
0.0993377 137497 0
0.0994376 137564 0
0.0995374 137631 0
0.0996373 137697 0
0.0997372 137764 0
0.0998371 137830 0
0.099937 137897 0
0.100037 137963 0
0.100137 138029 0
0.100237 138095 0
0.100337 138161 0
0.100437 138227 0
0.100536 138293 0
0.100636 138359 0
0.100736 138424 0
0.100836 138490 0
0.100936 138555 0
0.101036 138620 0
0.101136 138685 0
0.101236 138750 0
0.101336 138815 0
0.101436 138880 0
0.101536 138945 0
0.101636 139010 0
0.101736 139074 0
0.101836 139139 0
0.101936 139203 0
0.102036 139267 0
0.102136 139331 0
0.102236 139395 0
0.102336 139459 0
0.102436 139523 0
0.102536 139587 0
0.102636 139650 0
0.102736 139714 0
0.102836 139777 0
0.102936 139841 0
0.103036 139904 0
0.103136 139967 0
0.103236 140030 0
0.103336 140093 0
0.103436 140156 0
0.103536 140219 0
0.103636 140281 0
0.103736 140319 1
0.103836 140275 1
