0.025 0 0
0.02501 62.6534 0
0.0250214 76.9096 1
0.0250335 93.4415 1
0.0250462 111.396 1
0.0250592 130.56 1
0.0250727 150.809 1
0.0250866 172.064 1
0.0251008 194.263 1
0.0251153 217.361 1
0.0251302 241.321 1
0.0251454 266.112 1
0.0251608 291.709 1
0.0251766 318.09 1
0.0251926 345.235 1
0.0252089 373.128 1
0.0252254 401.754 1
0.0252422 431.1 1
0.0252593 461.153 1
0.0252766 491.903 1
0.0252941 523.34 1
0.0253118 555.454 1
0.0253298 588.237 1
0.0253481 621.681 1
0.0253665 655.78 1
0.0253852 690.526 1
0.025404 725.913 1
0.0254231 761.935 1
0.0254424 798.587 1
0.025462 835.863 1
0.0254817 873.759 1
0.0255016 912.269 1
0.0255218 951.39 1
0.0255421 991.116 1
0.0255626 1031.44 1
0.0255833 1072.37 1
0.0256043 1113.89 1
0.0256254 1156.01 1
0.0256467 1198.71 1
0.0256682 1241.99 1
0.0256899 1285.86 1
0.0257117 1330.3 1
0.0257338 1375.32 1
0.0257561 1420.92 1
0.0257785 1467.08 1
0.0258011 1513.81 1
0.0258239 1561.11 1
0.0258469 1608.97 1
0.02587 1657.39 1
0.0258933 1706.37 1
0.0259168 1755.9 1
0.0259405 1805.99 1
0.0259644 1856.63 1
0.0259884 1907.82 1
0.0260126 1959.56 1
0.026037 2011.84 1
0.0260615 2064.67 1
0.0260862 2118.04 1
0.0261111 2171.95 1
0.0261361 2226.41 1
0.0261614 2281.39 1
0.0261867 2336.92 1
0.0262123 2392.98 1
0.026238 2449.57 1
0.0262639 2506.69 1
0.0262899 2564.34 1
0.0263161 2622.52 1
0.0263425 2681.23 1
0.026369 2740.46 1
0.0263957 2800.21 1
0.0264226 2860.49 1
0.0264496 2921.29 1
0.0264768 2982.61 1
0.0265041 3044.44 1
0.0265316 3106.8 1
0.0265592 3169.67 1
0.026587 3233.06 1
0.026615 3296.95 1
0.0266431 3361.37 1
0.0266714 3426.29 1
0.0266998 3491.72 1
0.0267284 3557.66 1
0.0267571 3624.11 1
0.026786 3691.07 1
0.026815 3758.53 1
0.0268442 3826.5 1
0.0268736 3894.97 1
0.0269031 3963.94 1
0.0269327 4033.42 1
0.0269625 4103.39 1
0.0269924 4173.86 1
0.0270225 4244.84 1
0.0270528 4316.31 1
0.0270832 4388.27 1
0.0271137 4460.74 1
0.0271444 4533.69 1
0.0271753 4607.14 1
0.0272062 4681.08 1
0.0272374 4755.52 1
0.0272686 4830.44 1
0.0273001 4905.86 1
0.0273316 4981.76 1
0.0273634 5058.15 1
0.0273952 5135.03 1
0.0274272 5212.4 1
0.0274594 5290.25 1
0.0274917 5368.58 1
0.0275241 5447.4 1
0.0275567 5526.71 1
0.0275894 5606.49 1
0.0276223 5686.75 1
0.0276553 5767.5 1
0.0276884 5848.72 1
0.0277217 5930.43 1
0.0277552 6012.61 1
0.0277887 6095.27 1
0.0278224 6178.4 1
0.0278563 6262.01 1
0.0278903 6346.1 1
0.0279244 6430.65 1
0.0279587 6515.69 1
0.0279931 6601.19 1
0.0280277 6687.16 1
0.0280623 6773.61 1
0.0280972 6860.52 1
0.0281321 6947.91 1
0.0281672 7035.76 1
0.0282025 7124.08 1
0.0282379 7212.87 1
0.0282734 7302.12 1
0.028309 7391.84 1
0.0283448 7482.03 1
0.0283807 7572.68 1
0.0284168 7663.79 1
0.028453 7755.36 1
0.0284893 7847.39 1
0.0285258 7939.89 1
0.0285624 8032.85 1
0.0285991 8126.26 1
0.028636 8220.14 1
0.028673 8314.47 1
0.0287101 8409.26 1
0.0287474 8504.51 1
0.0287848 8600.21 1
0.0288224 8696.37 1
0.02886 8792.98 1
0.0288978 8890.04 1
0.0289358 8987.56 1
0.0289738 9085.54 1
0.029012 9183.96 1
0.0290504 9282.83 1
0.0290888 9382.16 1
0.0291274 9481.93 1
0.0291661 9582.16 1
0.029205 9682.83 1
0.029244 9783.95 1
0.0292831 9885.51 1
0.0293224 9987.53 1
0.0293617 10090 1
0.0294012 10192.9 1
0.0294409 10296.2 1
0.0294806 10400 1
0.0295205 10504.3 1
0.0295606 10608.9 1
0.0296007 10714.1 1
0.029641 10819.6 1
0.0296814 10925.6 1
0.0297219 11032 1
0.0297626 11138.9 1
0.0298034 11246.2 1
0.0298443 11354 1
0.0298854 11462.2 1
0.0299265 11570.8 1
0.0299678 11679.9 1
0.0300093 11789.4 1
0.0300508 11899.3 1
0.0300925 12009.7 1
0.0301343 12120.5 1
0.0301762 12231.7 1
0.0302183 12343.4 1
0.0302605 12455.4 1
0.0303028 12568 1
0.0303452 12680.9 1
0.0303878 12794.3 1
0.0304305 12908.1 1
0.0304733 13022.3 1
0.0305162 13137 1
0.0305593 13252.1 1
0.0306024 13367.6 1
0.0306457 13483.6 1
0.0306892 13599.9 1
0.0307327 13716.7 1
0.0307764 13833.9 1
0.0308202 13951.6 1
0.0308641 14069.6 1
0.0309082 14188.1 1
0.0309523 14307 1
0.0309966 14426.3 1
0.031041 14546.1 1
0.0310856 14666.2 1
0.0311302 14786.8 1
0.031175 14907.8 1
0.0312199 15029.2 1
0.0312649 15151.1 1
0.0313101 15273.3 1
0.0313553 15396 1
0.0314007 15519 1
0.0314462 15642.5 1
0.0314918 15766.4 1
0.0315376 15890.7 1
0.0315835 16015.5 1
0.0316294 16140.6 1
0.0316756 16266.2 1
0.0317218 16392.1 1
0.0317681 16518.5 1
0.0318146 16645.3 1
0.0318612 16772.4 1
0.0319079 16900 1
0.0319547 17028 1
0.0320017 17156.4 1
0.0320487 17285.3 1
0.0320959 17414.5 1
0.0321432 17544.1 1
0.0321906 17674.1 1
0.0322381 17804.6 1
0.0322858 17935.4 1
0.0323336 18066.6 1
0.0323815 18198.3 1
0.0324295 18330.3 1
0.0324776 18462.7 1
0.0325258 18595.6 1
0.0325742 18728.8 1
0.0326226 18862.4 1
0.0326712 18996.5 1
0.0327199 19130.9 1
0.0327688 19265.7 1
0.0328177 19400.9 1
0.0328668 19536.5 1
0.0329159 19672.6 1
0.0329652 19809 1
0.0330146 19945.8 1
0.0330641 20083 1
0.0331138 20220.5 1
0.0331635 20358.5 1
0.0332134 20496.9 1
0.0332634 20635.6 1
0.0333135 20774.8 1
0.0333637 20914.3 1
0.033414 21054.2 1
0.0334644 21194.5 1
0.033515 21335.2 1
0.0335656 21476.3 1
0.0336164 21617.8 1
0.0336673 21759.7 1
0.0337183 21901.9 1
0.0337694 22044.5 1
0.0338207 22187.5 1
0.033872 22330.9 1
0.0339235 22474.7 1
0.0339751 22618.9 1
0.0340267 22763.4 1
0.0340785 22908.3 1
0.0341304 23053.6 1
0.0341825 23199.3 1
0.0342346 23345.3 1
0.0342868 23491.8 1
0.0343392 23638.6 1
0.0343917 23785.8 1
0.0344443 23933.3 1
0.0344969 24081.3 1
0.0345498 24229.6 1
0.0346027 24378.3 1
0.0346557 24527.4 1
0.0347088 24676.8 1
0.0347621 24826.6 1
0.0348154 24976.8 1
0.0348689 25127.3 1
0.0349225 25278.3 1
0.0349762 25429.6 1
0.03503 25581.2 1
0.0350839 25733.3 1
0.0351379 25885.7 1
0.035192 26038.4 1
0.0352463 26191.6 1
0.0353006 26345.1 1
0.0353551 26498.9 1
0.0354097 26653.2 1
0.0354643 26807.8 1
0.0355191 26962.7 1
0.035574 27118.1 1
0.035629 27273.8 1
0.0356841 27429.8 1
0.0357393 27586.2 1
0.0357947 27743 1
0.0358501 27900.1 1
0.0359056 28057.6 1
0.0359613 28215.5 1
0.0360171 28373.7 1
0.0360729 28532.3 1
0.0361289 28691.2 1
0.036185 28850.5 1
0.0362412 29010.1 1
0.0362975 29170.1 1
0.0363539 29330.5 1
0.0364104 29491.2 1
0.036467 29652.3 1
0.0365237 29813.7 1
0.0365805 29975.5 1
0.0366375 30137.6 1
0.0366945 30300 1
0.0367517 30462.9 1
0.0368089 30626 1
0.0368663 30789.6 1
0.0369237 30953.4 1
0.0369813 31117.7 1
0.037039 31282.2 1
0.0370967 31447.1 1
0.0371546 31612.4 1
0.0372126 31778 1
0.0372707 31944 1
0.0373289 32110.3 1
0.0373872 32276.9 1
0.0374456 32443.9 1
0.0375041 32611.2 1
0.0375628 32778.9 1
0.0376215 32946.9 1
0.0376803 33115.3 1
0.0377392 33284 1
0.0377983 33453 1
0.0378574 33622.4 1
0.0379166 33792.1 1
0.037976 33962.1 1
0.0380354 34132.5 1
0.038095 34303.3 1
0.0381546 34474.3 1
0.0382144 34645.7 1
0.0382742 34817.5 1
0.0383342 34989.5 1
0.0383942 35161.9 1
0.0384544 35334.7 1
0.0385147 35507.7 1
0.038575 35681.1 1
0.0386355 35854.9 1
0.0386961 36028.9 1
0.0387567 36203.3 1
0.0388175 36378.1 1
0.0388784 36553.1 1
0.0389393 36728.5 1
0.0390004 36904.2 1
0.0390616 37080.2 1
0.0391229 37256.6 1
0.0391843 37433.3 1
0.0392457 37610.3 1
0.0393073 37787.6 1
0.039369 37965.3 1
0.0394308 38143.3 1
0.0394927 38321.6 1
0.0395546 38500.2 1
0.0396167 38679.2 1
0.0396789 38858.5 1
0.0397412 39038.1 1
0.0398035 39218 1
0.039866 39398.2 1
0.0399286 39578.8 1
0.0399913 39759.7 1
0.040054 39940.8 1
0.0401169 40122.4 1
0.0401799 40304.2 1
0.040243 40486.3 1
0.0403061 40668.8 1
0.0403694 40851.4 0
0.0404328 41033.9 0
0.0404962 41216.2 0
0.0405598 41398.4 0
0.0406234 41580.3 0
0.0406872 41762.1 0
0.0407511 41943.7 0
0.040815 42125 0
0.0408791 42306.2 0
0.0409432 42487.3 0
0.0410074 42668.1 0
0.0410718 42848.8 0
0.0411362 43029.2 0
0.0412007 43209.5 0
0.0412654 43389.6 0
0.0413301 43569.5 0
0.0413949 43749.2 0
0.0414598 43928.7 0
0.0415249 44108 0
0.04159 44287.2 0
0.0416552 44466.1 0
0.0417205 44644.8 0
0.0417859 44823.4 0
0.0418514 45001.8 0
0.0419169 45180 0
0.0419826 45357.9 0
0.0420484 45535.7 0
0.0421143 45713.3 0
0.0421802 45890.7 0
0.0422463 46067.9 0
0.0423125 46244.9 0
0.0423787 46421.7 0
0.0424451 46598.3 0
0.0425115 46774.8 0
0.042578 46951 0
0.0426446 47127 0
0.0427114 47302.8 0
0.0427782 47478.4 0
0.0428451 47653.9 0
0.0429121 47829.1 0
0.0429792 48004.1 0
0.0430464 48178.9 0
0.0431136 48353.6 0
0.043181 48528 0
0.0432485 48702.2 0
0.043316 48876.2 0
0.0433837 49050 0
0.0434514 49223.7 0
0.0435193 49397.1 0
0.0435872 49570.3 0
0.0436552 49743.3 0
0.0437233 49916.1 0
0.0437915 50088.7 0
0.0438598 50261.1 0
0.0439282 50433.3 0
0.0439967 50605.3 0
0.0440653 50777.1 0
0.0441339 50948.7 0
0.0442027 51120 0
0.0442715 51291.2 0
0.0443404 51462.2 0
0.0444095 51632.9 0
0.0444786 51803.5 0
0.0445478 51973.8 0
0.0446171 52143.9 0
0.0446865 52313.9 0
0.0447559 52483.6 0
0.0448255 52653.1 0
0.0448952 52822.4 0
0.0449649 52991.5 0
0.0450347 53160.4 0
0.0451046 53329.1 0
0.0451747 53497.6 0
0.0452448 53665.8 0
0.045315 53833.9 0
0.0453852 54001.7 0
0.0454556 54169.4 0
0.0455261 54336.8 0
0.0455966 54504 0
0.0456672 54671 0
0.0457379 54837.8 0
0.0458088 55004.4 0
0.0458797 55170.8 0
0.0459506 55337 0
0.0460217 55502.9 0
0.0460929 55668.7 0
0.0461641 55834.2 0
0.0462355 55999.5 0
0.0463069 56164.6 0
0.0463784 56329.5 0
0.04645 56494.2 0
0.0465217 56658.7 0
0.0465934 56823 0
0.0466653 56987 0
0.0467372 57150.9 0
0.0468093 57314.5 0
0.0468814 57477.9 0
0.0469536 57641.1 0
0.0470259 57804.1 0
0.0470982 57966.9 0
0.0471707 58129.5 0
0.0472432 58291.8 0
0.0473159 58453.9 0
0.0473886 58615.9 0
0.0474614 58777.6 0
0.0475343 58939.1 0
0.0476073 59100.4 0
0.0476803 59261.5 0
0.0477534 59422.3 0
0.0478267 59583 0
0.0479 59743.4 0
0.0479734 59903.6 0
0.0480469 60063.7 0
0.0481204 60223.5 0
0.0481941 60383 0
0.0482678 60542.4 0
0.0483416 60701.6 0
0.0484155 60860.5 0
0.0484895 61019.2 0
0.0485636 61177.8 0
0.0486377 61336.1 0
0.0487119 61494.1 0
0.0487862 61652 0
0.0488606 61809.7 0
0.0489351 61967.1 0
0.0490097 62124.4 0
0.0490843 62281.4 0
0.0491591 62438.2 0
0.0492339 62594.8 0
0.0493088 62751.2 0
0.0493837 62907.3 0
0.0494588 63063.3 0
0.0495339 63219 0
0.0496091 63374.5 0
0.0496844 63529.8 0
0.0497598 63684.9 0
0.0498353 63839.8 0
0.0499108 63994.5 0
0.0499865 64148.9 0
0.0500622 64303.2 0
0.0501379 64457.2 0
0.0502138 64611 0
0.0502898 64764.6 0
0.0503658 64918 0
0.0504419 65071.2 0
0.0505181 65224.2 0
0.0505943 65376.9 0
0.0506707 65529.4 0
0.0507471 65681.8 0
0.0508236 65833.9 0
0.0509002 65985.8 0
0.0509769 66137.4 0
0.0510536 66288.9 0
0.0511305 66440.2 0
0.0512074 66591.2 0
0.0512843 66742 0
0.0513614 66892.7 0
0.0514385 67043.1 0
0.0515158 67193.3 0
0.051593 67343.2 0
0.0516704 67493 0
0.0517479 67642.6 0
0.0518254 67791.9 0
0.051903 67941 0
0.0519807 68089.9 0
0.0520585 68238.7 0
0.0521363 68387.1 0
0.0522142 68535.4 0
0.0522922 68683.5 0
0.0523703 68831.4 0
0.0524484 68979 0
0.0525267 69126.4 0
0.052605 69273.7 0
0.0526833 69420.7 0
0.0527618 69567.5 0
0.0528403 69714.1 0
0.0529189 69860.5 0
0.0529976 70006.6 0
0.0530764 70152.6 0
0.0531552 70298.3 0
0.0532341 70443.9 0
0.0533131 70589.2 0
0.0533922 70734.3 0
0.0534713 70879.2 0
0.0535505 71023.9 0
0.0536298 71168.4 0
0.0537092 71312.7 0
0.0537886 71456.8 0
0.0538681 71600.6 0
0.0539477 71744.3 0
0.0540274 71887.7 0
0.0541071 72030.9 0
0.0541869 72174 0
0.0542668 72316.8 0
0.0543467 72459.4 0
0.0544268 72601.8 0
0.0545069 72744 0
0.054587 72885.9 0
0.0546673 73027.7 0
0.0547476 73169.3 0
0.054828 73310.6 0
0.0549085 73451.8 0
0.054989 73592.7 0
0.0550696 73733.5 0
0.0551503 73874 0
0.0552311 74014.3 0
0.0553119 74154.4 0
0.0553928 74294.3 0
0.0554738 74434 0
0.0555548 74573.5 0
0.055636 74712.8 0
0.0557172 74851.9 0
0.0557984 74990.8 0
0.0558798 75129.4 0
0.0559612 75267.9 0
0.0560426 75406.2 0
0.0561242 75544.2 0
0.0562058 75682.1 0
0.0562875 75819.7 0
0.0563693 75957.1 0
0.0564511 76094.4 0
0.056533 76231.4 0
0.056615 76368.2 0
0.056697 76504.9 0
0.0567791 76641.3 0
0.0568613 76777.5 0
0.0569435 76913.5 0
0.0570259 77049.3 0
0.0571082 77184.9 0
0.0571907 77320.3 0
0.0572732 77455.5 0
0.0573558 77590.5 0
0.0574385 77725.3 0
0.0575212 77859.9 0
0.057604 77994.3 0
0.0576869 78128.5 0
0.0577698 78262.5 0
0.0578529 78396.3 0
0.0579359 78529.8 0
0.0580191 78663.2 0
0.0581023 78796.4 0
0.0581856 78929.4 0
0.0582689 79062.2 0
0.0583523 79194.8 0
0.0584358 79327.1 0
0.0585194 79459.3 0
0.058603 79591.3 0
0.0586867 79723.1 0
0.0587704 79854.7 0
0.0588542 79986.1 0
0.0589381 80117.2 0
0.0590221 80248.2 0
0.0591061 80379 0
0.0591902 80509.6 0
0.0592743 80640 0
0.0593585 80770.2 0
0.0594428 80900.2 0
0.0595272 81030 0
0.0596116 81159.6 0
0.0596961 81289 0
0.0597806 81418.2 0
0.0598652 81547.2 0
0.0599499 81676.1 0
0.0600346 81804.7 0
0.0601194 81933.1 0
0.0602043 82061.3 0
0.0602892 82189.4 0
0.0603742 82317.2 0
0.0604593 82444.9 0
0.0605444 82572.3 0
0.0606296 82699.6 0
0.0607148 82826.6 0
0.0608002 82953.5 0
0.0608855 83080.2 0
0.060971 83206.6 0
0.0610565 83332.9 0
0.0611421 83459 0
0.0612277 83584.9 0
0.0613134 83710.6 0
0.0613991 83836.1 0
0.061485 83961.5 0
0.0615709 84086.6 0
0.0616568 84211.5 0
0.0617428 84336.3 0
0.0618289 84460.8 0
0.061915 84585.2 0
0.0620012 84709.4 0
0.0620875 84833.3 0
0.0621738 84957.1 0
0.0622602 85080.7 0
0.0623466 85204.1 0
0.0624331 85327.4 0
0.0625197 85450.4 0
0.0626063 85573.2 0
0.062693 85695.9 0
0.0627797 85818.4 0
0.0628665 85940.6 0
0.0629534 86062.7 0
0.0630403 86184.6 0
0.0631273 86306.3 0
0.0632143 86427.9 0
0.0633014 86549.2 0
0.0633886 86670.3 0
0.0634758 86791.3 0
0.0635631 86912.1 0
0.0636505 87032.7 0
0.0637379 87153.1 0
0.0638253 87273.3 0
0.0639128 87393.3 0
0.0640004 87513.2 0
0.0640881 87632.8 0
0.0641758 87752.3 0
0.0642635 87871.6 0
0.0643513 87990.7 0
0.0644392 88109.6 0
0.0645271 88228.3 0
0.0646151 88346.9 0
0.0647032 88465.3 0
0.0647913 88583.4 0
0.0648794 88701.4 0
0.0649676 88819.3 0
0.0650559 88936.9 0
0.0651443 89054.3 0
0.0652326 89171.6 0
0.0653211 89288.7 0
0.0654096 89405.6 0
0.0654981 89522.3 0
0.0655868 89638.9 0
0.0656754 89755.2 0
0.0657642 89871.4 0
0.0658529 89987.4 0
0.0659418 90103.2 0
0.0660307 90218.9 0
0.0661196 90334.3 0
0.0662086 90449.6 0
0.0662977 90564.7 0
0.0663868 90679.7 0
0.066476 90794.4 0
0.0665652 90909 0
0.0666545 91023.3 0
0.0667438 91137.6 0
0.0668332 91251.6 0
0.0669227 91365.4 0
0.0670122 91479.1 0
0.0671017 91592.6 0
0.0671913 91705.9 0
0.067281 91819.1 0
0.0673707 91932 0
0.0674605 92044.8 0
0.0675503 92157.5 0
0.0676402 92269.9 0
0.0677301 92382.2 0
0.0678201 92494.2 0
0.0679101 92606.2 0
0.0680002 92717.9 0
0.0680903 92829.5 0
0.0681805 92940.9 0
0.0682708 93052.1 0
0.068361 93163.1 0
0.0684514 93274 0
0.0685418 93384.7 0
0.0686322 93495.2 0
0.0687227 93605.5 0
0.0688133 93715.7 0
0.0689039 93825.7 0
0.0689946 93935.6 0
0.0690853 94045.2 0
0.069176 94154.7 0
0.0692668 94264 0
0.0693577 94373.2 0
0.0694486 94482.2 0
0.0695396 94591 0
0.0696306 94699.6 0
0.0697217 94808.1 0
0.0698128 94916.4 0
0.0699039 95024.5 0
0.0699951 95132.4 0
0.0700864 95240.2 0
0.0701777 95347.8 0
0.0702691 95455.3 0
0.0703605 95562.6 0
0.0704519 95669.7 0
0.0705434 95776.6 0
0.070635 95883.4 0
0.0707266 95990 0
0.0708183 96096.5 0
0.07091 96202.7 0
0.0710017 96308.8 0
0.0710935 96414.8 0
0.0711854 96520.6 0
0.0712772 96626.2 0
0.0713692 96731.6 0
0.0714612 96836.9 0
0.0715532 96942 0
0.0716453 97047 0
0.0717374 97151.7 0
0.0718296 97256.4 0
0.0719218 97360.8 0
0.0720141 97465.1 0
0.0721064 97569.2 0
0.0721988 97673.2 0
0.0722912 97777 0
0.0723837 97880.6 0
0.0724762 97984.1 0
0.0725687 98087.4 0
0.0726613 98190.6 0
0.0727539 98293.6 0
0.0728466 98396.4 0
0.0729394 98499.1 0
0.0730321 98601.6 0
0.073125 98703.9 0
0.0732178 98806.1 0
0.0733107 98908.1 0
0.0734037 99010 0
0.0734967 99111.7 0
0.0735897 99213.2 0
0.0736828 99314.6 0
0.073776 99415.8 0
0.0738691 99516.9 0
0.0739624 99617.8 0
0.0740556 99718.5 0
0.0741489 99819.1 0
0.0742423 99919.6 0
0.0743357 100020 0
0.0744291 100120 0
0.0745226 100220 0
0.0746161 100320 0
0.0747097 100419 0
0.0748033 100519 0
0.0748969 100618 0
0.0749906 100717 0
0.0750844 100816 0
0.0751781 100915 0
0.075272 101014 0
0.0753658 101112 0
0.0754597 101211 0
0.0755537 101309 0
0.0756477 101407 0
0.0757417 101505 0
0.0758358 101603 0
0.0759299 101700 0
0.076024 101798 0
0.0761182 101895 0
0.0762124 101992 0
0.0763067 102089 0
0.076401 102186 0
0.0764954 102283 0
0.0765898 102380 0
0.0766842 102476 0
0.0767787 102572 0
0.0768732 102668 0
0.0769677 102764 0
0.0770623 102860 0
0.077157 102956 0
0.0772516 103051 0
0.0773463 103147 0
0.0774411 103242 0
0.0775359 103337 0
0.0776307 103432 0
0.0777255 103526 0
0.0778204 103621 0
0.0779154 103715 0
0.0780104 103810 0
0.0781054 103904 0
0.0782004 103998 0
0.0782955 104092 0
0.0783906 104185 0
0.0784858 104279 0
0.078581 104372 0
0.0786762 104466 0
0.0787715 104559 0
0.0788668 104652 0
0.0789621 104745 0
0.0790575 104837 0
0.0791529 104930 0
0.0792484 105022 0
0.0793439 105114 0
0.0794394 105206 0
0.079535 105298 0
0.0796306 105390 0
0.0797262 105482 0
0.0798219 105573 0
0.0799176 105665 0
0.0800133 105756 0
0.0801091 105847 0
0.0802049 105938 0
0.0803007 106029 0
0.0803966 106120 0
0.0804925 106210 0
0.0805885 106300 0
0.0806844 106391 0
0.0807805 106481 0
0.0808765 106571 0
0.0809726 106660 0
0.0810687 106750 0
0.0811648 106840 0
0.081261 106929 0
0.0813572 107018 0
0.0814535 107107 0
0.0815497 107196 0
0.0816461 107285 0
0.0817424 107374 0
0.0818388 107462 0
0.0819352 107551 0
0.0820316 107639 0
0.0821281 107727 0
0.0822246 107815 0
0.0823211 107903 0
0.0824177 107991 0
0.0825143 108078 0
0.0826109 108166 0
0.0827076 108253 0
0.0828043 108340 0
0.082901 108427 0
0.0829977 108514 0
0.0830945 108601 0
0.0831913 108687 0
0.0832882 108774 0
0.083385 108860 0
0.0834819 108946 0
0.0835789 109032 0
0.0836758 109118 0
0.0837728 109204 0
0.0838698 109290 0
0.0839669 109375 0
0.0840639 109461 0
0.0841611 109546 0
0.0842582 109631 0
0.0843554 109716 0
0.0844525 109801 0
0.0845498 109886 0
0.084647 109970 0
0.0847443 110055 0
0.0848416 110139 0
0.0849389 110223 0
0.0850363 110307 0
0.0851337 110391 0
0.0852311 110475 0
0.0853285 110559 0
0.085426 110642 0
0.0855235 110726 0
0.085621 110809 0
0.0857186 110892 0
0.0858161 110975 0
0.0859137 111058 0
0.0860114 111141 0
0.086109 111223 0
0.0862067 111306 0
0.0863044 111388 0
0.0864021 111470 0
0.0864999 111552 0
0.0865977 111634 0
0.0866955 111716 0
0.0867933 111798 0
0.0868911 111879 0
0.086989 111961 0
0.0870869 112042 0
0.0871849 112123 0
0.0872828 112204 0
0.0873808 112285 0
0.0874788 112366 0
0.0875768 112447 0
0.0876749 112527 0
0.0877729 112608 0
0.087871 112688 0
0.0879692 112768 0
0.0880673 112848 0
0.0881655 112928 0
0.0882637 113008 0
0.0883619 113088 0
0.0884601 113167 0
0.0885584 113247 0
0.0886566 113326 0
0.0887549 113405 0
0.0888533 113484 0
0.0889516 113563 0
0.08905 113642 0
0.0891484 113721 0
0.0892468 113799 0
0.0893452 113878 0
0.0894437 113956 0
0.0895421 114034 0
0.0896406 114112 0
0.0897391 114190 0
0.0898377 114268 0
0.0899362 114346 0
0.0900348 114423 0
0.0901334 114501 0
0.090232 114578 0
0.0903307 114656 0
0.0904293 114733 0
0.090528 114810 0
0.0906267 114886 0
0.0907254 114963 0
0.0908241 115040 0
0.0909229 115116 0
0.0910217 115193 0
0.0911205 115269 0
0.0912193 115345 0
0.0913181 115421 0
0.0914169 115497 0
0.0915158 115573 0
0.0916147 115648 0
0.0917136 115724 0
0.0918125 115799 0
0.0919114 115875 0
0.0920104 115950 0
0.0921094 116025 0
0.0922083 116100 0
0.0923073 116175 0
0.0924064 116249 0
0.0925054 116324 0
0.0926045 116398 0
0.0927035 116473 0
0.0928026 116547 0
0.0929017 116621 0
0.0930008 116695 0
0.0931 116769 0
0.0931991 116843 0
0.0932983 116917 0
0.0933975 116990 0
0.0934967 117064 0
0.0935959 117137 0
0.0936951 117210 0
0.0937943 117283 0
0.0938936 117356 0
0.0939929 117429 0
0.0940922 117502 0
0.0941915 117574 0
0.0942908 117647 0
0.0943901 117719 0
0.0944894 117792 0
0.0945888 117864 0
0.0946882 117936 0
0.0947875 118008 0
0.0948869 118080 0
0.0949864 118152 0
0.0950858 118223 0
0.0951852 118295 0
0.0952847 118366 0
0.0953841 118437 0
0.0954836 118509 0
0.0955831 118580 0
0.0956826 118651 0
0.0957821 118721 0
0.0958816 118792 0
0.0959811 118863 0
0.0960807 118933 0
0.0961802 119004 0
0.0962798 119074 0
0.0963794 119144 0
0.096479 119214 0
0.0965786 119284 0
0.0966782 119354 0
0.0967778 119424 0
0.0968774 119493 0
0.0969771 119563 0
0.0970767 119632 0
0.0971764 119702 0
0.097276 119771 0
0.0973757 119840 0
0.0974754 119909 0
0.0975751 119978 0
0.0976748 120047 0
0.0977745 120115 0
0.0978743 120184 0
0.097974 120252 0
0.0980738 120321 0
0.0981735 120389 0
0.0982733 120457 0
0.098373 120525 0
0.0984728 120593 0
0.0985726 120661 0
0.0986724 120728 0
0.0987722 120796 0
0.098872 120863 0
0.0989718 120931 0
0.0990716 120998 0
0.0991715 121065 0
0.0992713 121132 0
0.0993712 121199 0
0.099471 121266 0
0.0995709 121333 0
0.0996707 121400 0
0.0997706 121466 0
0.0998705 121533 0
0.0999704 121599 0
0.10007 121665 0
0.10017 121731 0
0.10027 121797 0
0.10037 121863 0
0.10047 121929 0
0.10057 121995 0
0.10067 122060 0
0.10077 122126 0
0.10087 122191 0
0.100969 122257 0
0.101069 122322 0
0.101169 122387 0
0.101269 122452 0
0.101369 122517 0
0.101469 122582 0
0.101569 122646 0
0.101669 122711 0
0.101769 122776 0
0.101869 122840 0
0.101969 122904 0
0.102069 122968 0
0.102169 123033 0
0.102269 123097 0
0.102369 123161 0
0.102469 123224 0
0.102569 123288 0
0.102669 123352 0
0.102769 123415 0
0.102869 123479 0
0.102969 123542 0
0.103069 123605 0
0.103169 123668 0
0.103269 123731 0
0.103369 123794 0
0.103469 123857 0
0.103569 123920 0
0.103669 123982 0
0.103769 123997 1
0.103869 123906 1
