0.03 0 0
0.03001 46.6331 0
0.0300215 59.8532 1
0.0300336 75.2877 1
0.0300464 92.1146 1
0.0300596 110.127 1
0.0300732 129.207 1
0.0300872 149.276 1
0.0301015 170.277 1
0.0301163 192.166 1
0.0301313 214.908 1
0.0301467 238.472 1
0.0301623 262.835 1
0.0301783 287.976 1
0.0301945 313.876 1
0.0302111 340.52 1
0.0302279 367.892 1
0.0302449 395.982 1
0.0302622 424.776 1
0.0302798 454.266 1
0.0302976 484.441 1
0.0303157 515.293 1
0.030334 546.813 1
0.0303526 578.996 1
0.0303713 611.833 1
0.0303904 645.318 1
0.0304096 679.446 1
0.030429 714.21 1
0.0304487 749.607 1
0.0304686 785.63 1
0.0304888 822.276 1
0.0305091 859.539 1
0.0305296 897.416 1
0.0305504 935.903 1
0.0305713 974.996 1
0.0305925 1014.69 1
0.0306139 1054.99 1
0.0306355 1095.88 1
0.0306572 1137.36 1
0.0306792 1179.43 1
0.0307014 1222.09 1
0.0307238 1265.34 1
0.0307463 1309.17 1
0.0307691 1353.57 1
0.030792 1398.55 1
0.0308152 1444.11 1
0.0308385 1490.24 1
0.030862 1536.94 1
0.0308857 1584.2 1
0.0309096 1632.03 1
0.0309337 1680.43 1
0.0309579 1729.39 1
0.0309824 1778.9 1
0.031007 1828.98 1
0.0310318 1879.61 1
0.0310568 1930.8 1
0.031082 1982.54 1
0.0311073 2034.83 1
0.0311328 2087.67 1
0.0311585 2141.05 1
0.0311844 2194.99 1
0.0312104 2249.47 1
0.0312367 2304.49 1
0.0312631 2360.06 1
0.0312896 2416.16 1
0.0313164 2472.81 1
0.0313433 2529.99 1
0.0313704 2587.72 1
0.0313976 2645.97 1
0.031425 2704.76 1
0.0314526 2764.09 1
0.0314804 2823.94 1
0.0315083 2884.33 1
0.0315364 2945.25 1
0.0315646 3006.69 1
0.031593 3068.66 1
0.0316216 3131.16 1
0.0316504 3194.19 1
0.0316793 3257.73 1
0.0317084 3321.8 1
0.0317376 3386.39 1
0.031767 3451.51 1
0.0317966 3517.14 1
0.0318263 3583.29 1
0.0318562 3649.96 1
0.0318862 3717.15 1
0.0319164 3784.85 1
0.0319468 3853.07 1
0.0319773 3921.8 1
0.032008 3991.04 1
0.0320388 4060.8 1
0.0320698 4131.07 1
0.0321009 4201.84 1
0.0321323 4273.13 1
0.0321637 4344.93 1
0.0321953 4417.23 1
0.0322271 4490.04 1
0.032259 4563.36 1
0.0322911 4637.18 1
0.0323233 4711.51 1
0.0323557 4786.33 1
0.0323883 4861.67 1
0.032421 4937.5 1
0.0324538 5013.84 1
0.0324868 5090.67 1
0.03252 5168 1
0.0325533 5245.84 1
0.0325867 5324.17 1
0.0326203 5403 1
0.0326541 5482.32 1
0.032688 5562.14 1
0.032722 5642.45 1
0.0327562 5723.26 1
0.0327905 5804.56 1
0.032825 5886.35 1
0.0328597 5968.64 1
0.0328945 6051.41 1
0.0329294 6134.68 1
0.0329645 6218.44 1
0.0329997 6302.68 1
0.0330351 6387.41 1
0.0330706 6472.63 1
0.0331063 6558.34 1
0.0331421 6644.53 1
0.0331781 6731.2 1
0.0332142 6818.37 1
0.0332504 6906.01 1
0.0332868 6994.14 1
0.0333234 7082.75 1
0.0333601 7171.84 1
0.0333969 7261.41 1
0.0334339 7351.46 1
0.033471 7441.99 1
0.0335082 7533 1
0.0335456 7624.49 1
0.0335832 7716.46 1
0.0336209 7808.9 1
0.0336587 7901.82 1
0.0336966 7995.21 1
0.0337347 8089.08 1
0.033773 8183.42 1
0.0338114 8278.24 1
0.0338499 8373.53 1
0.0338886 8469.29 1
0.0339274 8565.52 1
0.0339663 8662.22 1
0.0340054 8759.39 1
0.0340446 8857.03 1
0.034084 8955.14 1
0.0341235 9053.72 1
0.0341631 9152.76 1
0.0342029 9252.27 1
0.0342428 9352.25 1
0.0342829 9452.69 1
0.0343231 9553.6 1
0.0343634 9654.97 1
0.0344039 9756.8 1
0.0344445 9859.1 1
0.0344852 9961.86 1
0.0345261 10065.1 1
0.0345671 10168.8 1
0.0346082 10272.9 1
0.0346495 10377.5 1
0.0346909 10482.6 1
0.0347325 10588.1 1
0.0347742 10694.1 1
0.034816 10800.5 1
0.0348579 10907.4 1
0.0349 11014.7 1
0.0349423 11122.5 1
0.0349846 11230.8 1
0.0350271 11339.5 1
0.0350697 11448.6 1
0.0351125 11558.2 1
0.0351554 11668.3 1
0.0351984 11778.8 1
0.0352415 11889.8 1
0.0352848 12001.2 1
0.0353283 12113.1 1
0.0353718 12225.4 1
0.0354155 12338.1 1
0.0354593 12451.3 1
0.0355032 12565 1
0.0355473 12679.1 1
0.0355915 12793.6 1
0.0356359 12908.6 1
0.0356803 13024.1 1
0.0357249 13140 1
0.0357697 13256.3 1
0.0358145 13373 1
0.0358595 13490.2 1
0.0359046 13607.9 1
0.0359499 13726 1
0.0359953 13844.5 1
0.0360408 13963.5 1
0.0360864 14082.9 1
0.0361322 14202.7 1
0.0361781 14323 1
0.0362241 14443.7 1
0.0362702 14564.8 1
0.0363165 14686.4 1
0.0363629 14808.4 1
0.0364094 14930.9 1
0.0364561 15053.8 1
0.0365029 15177.1 1
0.0365498 15300.9 1
0.0365968 15425 1
0.036644 15549.7 1
0.0366913 15674.7 1
0.0367387 15800.2 1
0.0367862 15926.1 1
0.0368339 16052.4 1
0.0368817 16179.2 1
0.0369296 16306.3 1
0.0369777 16434 1
0.0370258 16562 1
0.0370741 16690.5 1
0.0371226 16819.3 1
0.0371711 16948.7 1
0.0372198 17078.4 1
0.0372686 17208.6 1
0.0373175 17339.1 1
0.0373665 17470.1 1
0.0374157 17601.6 1
0.037465 17733.4 1
0.0375144 17865.7 1
0.0375639 17998.3 1
0.0376136 18131.4 1
0.0376634 18265 1
0.0377133 18398.9 1
0.0377633 18533.2 1
0.0378135 18668 1
0.0378637 18803.2 1
0.0379141 18938.8 1
0.0379647 19074.8 1
0.0380153 19211.2 1
0.0380661 19348 1
0.0381169 19485.3 1
0.0381679 19622.9 1
0.0382191 19761 1
0.0382703 19899.5 1
0.0383217 20038.4 1
0.0383732 20177.7 1
0.0384248 20317.4 1
0.0384765 20457.5 1
0.0385284 20598 1
0.0385803 20738.9 1
0.0386324 20880.3 1
0.0386846 21022 1
0.0387369 21164.1 1
0.0387894 21306.7 1
0.038842 21449.6 1
0.0388946 21593 1
0.0389474 21736.7 1
0.0390004 21880.9 1
0.0390534 22025.4 1
0.0391066 22170.4 1
0.0391598 22315.7 1
0.0392132 22461.5 1
0.0392667 22607.6 1
0.0393204 22754.2 1
0.0393741 22901.1 1
0.039428 23048.4 1
0.039482 23196.2 1
0.0395361 23344.3 1
0.0395903 23492.8 1
0.0396446 23641.7 1
0.0396991 23791.1 1
0.0397536 23940.8 1
0.0398083 24090.8 1
0.0398631 24241.3 1
0.039918 24392.2 1
0.0399731 24543.5 1
0.0400282 24695.1 1
0.0400835 24847.2 1
0.0401389 24999.6 1
0.0401944 25152.4 1
0.04025 25305.6 1
0.0403057 25459.2 1
0.0403615 25613.2 1
0.0404175 25767.5 1
0.0404735 25922.3 1
0.0405297 26077.4 1
0.040586 26232.9 1
0.0406424 26388.8 1
0.040699 26545.1 1
0.0407556 26701.7 1
0.0408123 26858.8 1
0.0408692 27016.2 1
0.0409262 27174 1
0.0409833 27332.1 1
0.0410405 27490.7 1
0.0410978 27649.6 1
0.0411552 27808.9 1
0.0412128 27968.6 1
0.0412704 28128.6 1
0.0413282 28289 1
0.0413861 28449.5 0
0.0414441 28610 0
0.0415022 28770.4 0
0.0415604 28930.7 0
0.0416187 29091 0
0.0416772 29251.2 0
0.0417357 29411.4 0
0.0417944 29571.4 0
0.0418531 29731.5 0
0.041912 29891.5 0
0.041971 30051.4 0
0.0420301 30211.2 0
0.0420893 30371 0
0.0421487 30530.7 0
0.0422081 30690.3 0
0.0422676 30849.9 0
0.0423273 31009.4 0
0.0423871 31168.8 0
0.0424469 31328.2 0
0.0425069 31487.5 0
0.042567 31646.7 0
0.0426272 31805.8 0
0.0426875 31964.8 0
0.0427479 32123.8 0
0.0428085 32282.7 0
0.0428691 32441.5 0
0.0429298 32600.3 0
0.0429907 32758.9 0
0.0430517 32917.5 0
0.0431127 33076 0
0.0431739 33234.4 0
0.0432352 33392.7 0
0.0432966 33550.9 0
0.0433581 33709.1 0
0.0434197 33867.1 0
0.0434814 34025.1 0
0.0435432 34183 0
0.0436051 34340.8 0
0.0436672 34498.5 0
0.0437293 34656.1 0
0.0437915 34813.6 0
0.0438539 34971 0
0.0439164 35128.3 0
0.0439789 35285.5 0
0.0440416 35442.7 0
0.0441044 35599.7 0
0.0441672 35756.6 0
0.0442302 35913.4 0
0.0442933 36070.2 0
0.0443565 36226.8 0
0.0444198 36383.3 0
0.0444832 36539.7 0
0.0445467 36696 0
0.0446103 36852.3 0
0.0446741 37008.4 0
0.0447379 37164.4 0
0.0448018 37320.3 0
0.0448658 37476 0
0.04493 37631.7 0
0.0449942 37787.3 0
0.0450585 37942.7 0
0.045123 38098.1 0
0.0451875 38253.3 0
0.0452522 38408.5 0
0.0453169 38563.5 0
0.0453818 38718.4 0
0.0454467 38873.2 0
0.0455118 39027.8 0
0.045577 39182.4 0
0.0456422 39336.8 0
0.0457076 39491.1 0
0.0457731 39645.3 0
0.0458386 39799.4 0
0.0459043 39953.4 0
0.0459701 40107.3 0
0.046036 40261 0
0.0461019 40414.6 0
0.046168 40568.1 0
0.0462342 40721.4 0
0.0463005 40874.7 0
0.0463668 41027.8 0
0.0464333 41180.8 0
0.0464999 41333.7 0
0.0465666 41486.4 0
0.0466334 41639 0
0.0467002 41791.5 0
0.0467672 41943.9 0
0.0468343 42096.1 0
0.0469015 42248.2 0
0.0469688 42400.2 0
0.0470361 42552.1 0
0.0471036 42703.8 0
0.0471712 42855.4 0
0.0472389 43006.8 0
0.0473066 43158.2 0
0.0473745 43309.4 0
0.0474425 43460.4 0
0.0475105 43611.4 0
0.0475787 43762.2 0
0.047647 43912.8 0
0.0477153 44063.4 0
0.0477838 44213.8 0
0.0478523 44364 0
0.047921 44514.2 0
0.0479897 44664.1 0
0.0480586 44814 0
0.0481275 44963.7 0
0.0481966 45113.3 0
0.0482657 45262.7 0
0.0483349 45412 0
0.0484043 45561.2 0
0.0484737 45710.2 0
0.0485432 45859.1 0
0.0486128 46007.8 0
0.0486825 46156.4 0
0.0487524 46304.9 0
0.0488223 46453.2 0
0.0488923 46601.4 0
0.0489624 46749.4 0
0.0490325 46897.3 0
0.0491028 47045.1 0
0.0491732 47192.7 0
0.0492437 47340.1 0
0.0493143 47487.5 0
0.0493849 47634.6 0
0.0494557 47781.6 0
0.0495265 47928.5 0
0.0495975 48075.3 0
0.0496685 48221.8 0
0.0497396 48368.3 0
0.0498109 48514.6 0
0.0498822 48660.7 0
0.0499536 48806.7 0
0.0500251 48952.6 0
0.0500967 49098.3 0
0.0501684 49243.8 0
0.0502402 49389.2 0
0.050312 49534.5 0
0.050384 49679.6 0
0.0504561 49824.5 0
0.0505282 49969.3 0
0.0506005 50114 0
0.0506728 50258.5 0
0.0507452 50402.8 0
0.0508178 50547 0
0.0508904 50691.1 0
0.0509631 50835 0
0.0510359 50978.7 0
0.0511087 51122.3 0
0.0511817 51265.7 0
0.0512548 51409 0
0.0513279 51552.1 0
0.0514012 51695.1 0
0.0514745 51837.9 0
0.0515479 51980.6 0
0.0516215 52123.1 0
0.0516951 52265.5 0
0.0517688 52407.7 0
0.0518425 52549.7 0
0.0519164 52691.6 0
0.0519904 52833.3 0
0.0520644 52974.9 0
0.0521386 53116.3 0
0.0522128 53257.6 0
0.0522871 53398.7 0
0.0523615 53539.6 0
0.052436 53680.4 0
0.0525106 53821 0
0.0525853 53961.5 0
0.05266 54101.8 0
0.0527349 54242 0
0.0528098 54382 0
0.0528848 54521.8 0
0.0529599 54661.5 0
0.0530351 54801 0
0.0531104 54940.4 0
0.0531858 55079.6 0
0.0532612 55218.7 0
0.0533368 55357.5 0
0.0534124 55496.3 0
0.0534881 55634.8 0
0.0535639 55773.2 0
0.0536398 55911.5 0
0.0537158 56049.6 0
0.0537918 56187.5 0
0.053868 56325.3 0
0.0539442 56462.9 0
0.0540205 56600.3 0
0.0540969 56737.6 0
0.0541734 56874.7 0
0.05425 57011.6 0
0.0543267 57148.4 0
0.0544034 57285.1 0
0.0544802 57421.5 0
0.0545571 57557.8 0
0.0546341 57694 0
0.0547112 57830 0
0.0547884 57965.8 0
0.0548656 58101.5 0
0.0549429 58236.9 0
0.0550203 58372.3 0
0.0550978 58507.4 0
0.0551754 58642.5 0
0.0552531 58777.3 0
0.0553308 58912 0
0.0554086 59046.5 0
0.0554865 59180.8 0
0.0555645 59315 0
0.0556426 59449.1 0
0.0557208 59582.9 0
0.055799 59716.6 0
0.0558773 59850.1 0
0.0559557 59983.5 0
0.0560342 60116.7 0
0.0561128 60249.8 0
0.0561914 60382.6 0
0.0562701 60515.3 0
0.0563489 60647.9 0
0.0564278 60780.3 0
0.0565068 60912.5 0
0.0565859 61044.5 0
0.056665 61176.4 0
0.0567442 61308.2 0
0.0568235 61439.7 0
0.0569028 61571.1 0
0.0569823 61702.3 0
0.0570618 61833.4 0
0.0571414 61964.3 0
0.0572211 62095 0
0.0573009 62225.6 0
0.0573807 62356 0
0.0574607 62486.2 0
0.0575407 62616.3 0
0.0576207 62746.2 0
0.0577009 62876 0
0.0577811 63005.5 0
0.0578615 63135 0
0.0579419 63264.2 0
0.0580223 63393.3 0
0.0581029 63522.2 0
0.0581835 63650.9 0
0.0582642 63779.5 0
0.058345 63907.9 0
0.0584259 64036.2 0
0.0585068 64164.3 0
0.0585878 64292.2 0
0.0586689 64420 0
0.0587501 64547.6 0
0.0588313 64675 0
0.0589126 64802.2 0
0.058994 64929.3 0
0.0590755 65056.3 0
0.059157 65183 0
0.0592387 65309.6 0
0.0593204 65436.1 0
0.0594021 65562.3 0
0.059484 65688.4 0
0.0595659 65814.4 0
0.0596479 65940.1 0
0.05973 66065.7 0
0.0598121 66191.2 0
0.0598944 66316.4 0
0.0599767 66441.6 0
0.060059 66566.5 0
0.0601415 66691.3 0
0.060224 66815.9 0
0.0603066 66940.3 0
0.0603892 67064.6 0
0.060472 67188.7 0
0.0605548 67312.7 0
0.0606377 67436.5 0
0.0607206 67560.1 0
0.0608037 67683.5 0
0.0608868 67806.8 0
0.06097 67930 0
0.0610532 68052.9 0
0.0611365 68175.7 0
0.0612199 68298.4 0
0.0613034 68420.8 0
0.0613869 68543.1 0
0.0614705 68665.3 0
0.0615542 68787.2 0
0.061638 68909 0
0.0617218 69030.7 0
0.0618057 69152.2 0
0.0618897 69273.5 0
0.0619737 69394.6 0
0.0620578 69515.6 0
0.062142 69636.4 0
0.0622262 69757.1 0
0.0623106 69877.6 0
0.0623949 69997.9 0
0.0624794 70118.1 0
0.0625639 70238.1 0
0.0626485 70357.9 0
0.0627332 70477.6 0
0.0628179 70597.1 0
0.0629027 70716.4 0
0.0629876 70835.6 0
0.0630726 70954.6 0
0.0631576 71073.5 0
0.0632426 71192.2 0
0.0633278 71310.7 0
0.063413 71429 0
0.0634983 71547.2 0
0.0635836 71665.3 0
0.0636691 71783.2 0
0.0637546 71900.9 0
0.0638401 72018.4 0
0.0639257 72135.8 0
0.0640114 72253 0
0.0640972 72370.1 0
0.064183 72487 0
0.0642689 72603.7 0
0.0643549 72720.3 0
0.0644409 72836.7 0
0.064527 72953 0
0.0646131 73069 0
0.0646993 73185 0
0.0647856 73300.7 0
0.064872 73416.3 0
0.0649584 73531.8 0
0.0650449 73647.1 0
0.0651314 73762.2 0
0.0652181 73877.1 0
0.0653047 73991.9 0
0.0653915 74106.6 0
0.0654783 74221 0
0.0655652 74335.3 0
0.0656521 74449.5 0
0.0657391 74563.5 0
0.0658262 74677.3 0
0.0659133 74791 0
0.0660005 74904.5 0
0.0660878 75017.8 0
0.0661751 75131 0
0.0662625 75244.1 0
0.0663499 75356.9 0
0.0664374 75469.6 0
0.066525 75582.2 0
0.0666126 75694.6 0
0.0667003 75806.8 0
0.0667881 75918.9 0
0.0668759 76030.8 0
0.0669638 76142.5 0
0.0670517 76254.1 0
0.0671397 76365.6 0
0.0672278 76476.9 0
0.0673159 76588 0
0.0674041 76698.9 0
0.0674924 76809.7 0
0.0675807 76920.4 0
0.0676691 77030.9 0
0.0677575 77141.2 0
0.067846 77251.4 0
0.0679346 77361.4 0
0.0680232 77471.2 0
0.0681118 77580.9 0
0.0682006 77690.5 0
0.0682894 77799.8 0
0.0683782 77909.1 0
0.0684672 78018.1 0
0.0685561 78127 0
0.0686452 78235.8 0
0.0687343 78344.4 0
0.0688234 78452.8 0
0.0689126 78561.1 0
0.0690019 78669.3 0
0.0690912 78777.2 0
0.0691806 78885.1 0
0.06927 78992.7 0
0.0693595 79100.2 0
0.0694491 79207.6 0
0.0695387 79314.8 0
0.0696284 79421.8 0
0.0697181 79528.7 0
0.0698079 79635.4 0
0.0698977 79742 0
0.0699877 79848.4 0
0.0700776 79954.7 0
0.0701676 80060.8 0
0.0702577 80166.8 0
0.0703478 80272.6 0
0.070438 80378.2 0
0.0705282 80483.7 0
0.0706185 80589.1 0
0.0707089 80694.3 0
0.0707993 80799.3 0
0.0708898 80904.2 0
0.0709803 81008.9 0
0.0710708 81113.5 0
0.0711615 81217.9 0
0.0712522 81322.2 0
0.0713429 81426.3 0
0.0714337 81530.3 0
0.0715245 81634.1 0
0.0716154 81737.8 0
0.0717064 81841.3 0
0.0717974 81944.7 0
0.0718884 82047.9 0
0.0719795 82150.9 0
0.0720707 82253.8 0
0.0721619 82356.6 0
0.0722532 82459.2 0
0.0723445 82561.7 0
0.0724359 82664 0
0.0725273 82766.1 0
0.0726188 82868.1 0
0.0727103 82970 0
0.0728019 83071.7 0
0.0728936 83173.2 0
0.0729853 83274.7 0
0.073077 83375.9 0
0.0731688 83477 0
0.0732606 83578 0
0.0733525 83678.8 0
0.0734445 83779.5 0
0.0735365 83880 0
0.0736285 83980.3 0
0.0737206 84080.5 0
0.0738128 84180.6 0
0.073905 84280.5 0
0.0739972 84380.3 0
0.0740895 84479.9 0
0.0741819 84579.4 0
0.0742743 84678.7 0
0.0743667 84777.9 0
0.0744592 84877 0
0.0745517 84975.9 0
0.0746443 85074.6 0
0.074737 85173.2 0
0.0748297 85271.6 0
0.0749224 85370 0
0.0750152 85468.1 0
0.075108 85566.1 0
0.0752009 85664 0
0.0752938 85761.7 0
0.0753868 85859.3 0
0.0754798 85956.7 0
0.0755729 86054 0
0.075666 86151.1 0
0.0757592 86248.1 0
0.0758524 86345 0
0.0759457 86441.7 0
0.076039 86538.3 0
0.0761323 86634.7 0
0.0762257 86731 0
0.0763192 86827.1 0
0.0764127 86923.1 0
0.0765062 87018.9 0
0.0765998 87114.6 0
0.0766934 87210.2 0
0.0767871 87305.6 0
0.0768808 87400.9 0
0.0769746 87496 0
0.0770684 87591 0
0.0771622 87685.9 0
0.0772561 87780.6 0
0.0773501 87875.1 0
0.0774441 87969.6 0
0.0775381 88063.8 0
0.0776322 88158 0
0.0777263 88252 0
0.0778204 88345.8 0
0.0779146 88439.6 0
0.0780089 88533.1 0
0.0781032 88626.6 0
0.0781975 88719.9 0
0.0782919 88813 0
0.0783863 88906 0
0.0784808 88998.9 0
0.0785753 89091.7 0
0.0786698 89184.2 0
0.0787644 89276.7 0
0.078859 89369 0
0.0789537 89461.2 0
0.0790484 89553.3 0
0.0791432 89645.2 0
0.079238 89736.9 0
0.0793328 89828.5 0
0.0794277 89920 0
0.0795226 90011.4 0
0.0796176 90102.6 0
0.0797126 90193.7 0
0.0798076 90284.6 0
0.0799027 90375.4 0
0.0799978 90466.1 0
0.0800929 90556.6 0
0.0801881 90647 0
0.0802834 90737.3 0
0.0803787 90827.4 0
0.080474 90917.4 0
0.0805693 91007.2 0
0.0806647 91096.9 0
0.0807601 91186.5 0
0.0808556 91275.9 0
0.0809511 91365.3 0
0.0810467 91454.4 0
0.0811423 91543.5 0
0.0812379 91632.4 0
0.0813335 91721.1 0
0.0814292 91809.8 0
0.081525 91898.3 0
0.0816207 91986.6 0
0.0817165 92074.9 0
0.0818124 92163 0
0.0819083 92250.9 0
0.0820042 92338.7 0
0.0821001 92426.4 0
0.0821961 92514 0
0.0822922 92601.4 0
0.0823882 92688.7 0
0.0824843 92775.9 0
0.0825805 92862.9 0
0.0826766 92949.8 0
0.0827728 93036.6 0
0.0828691 93123.3 0
0.0829653 93209.8 0
0.0830616 93296.1 0
0.083158 93382.4 0
0.0832544 93468.5 0
0.0833508 93554.5 0
0.0834472 93640.3 0
0.0835437 93726.1 0
0.0836402 93811.6 0
0.0837368 93897.1 0
0.0838334 93982.4 0
0.08393 94067.6 0
0.0840266 94152.7 0
0.0841233 94237.7 0
0.08422 94322.5 0
0.0843168 94407.2 0
0.0844135 94491.7 0
0.0845103 94576.1 0
0.0846072 94660.4 0
0.0847041 94744.6 0
0.084801 94828.6 0
0.0848979 94912.6 0
0.0849949 94996.3 0
0.0850919 95080 0
0.0851889 95163.5 0
0.085286 95246.9 0
0.0853831 95330.2 0
0.0854802 95413.4 0
0.0855773 95496.4 0
0.0856745 95579.3 0
0.0857717 95662 0
0.085869 95744.7 0
0.0859663 95827.2 0
0.0860636 95909.6 0
0.0861609 95991.9 0
0.0862583 96074 0
0.0863557 96156 0
0.0864531 96237.9 0
0.0865505 96319.7 0
0.086648 96401.3 0
0.0867455 96482.8 0
0.0868431 96564.2 0
0.0869406 96645.5 0
0.0870382 96726.6 0
0.0871359 96807.6 0
0.0872335 96888.5 0
0.0873312 96969.3 0
0.0874289 97049.9 0
0.0875266 97130.5 0
0.0876244 97210.9 0
0.0877222 97291.1 0
0.08782 97371.3 0
0.0879178 97451.3 0
0.0880157 97531.2 0
0.0881136 97611 0
0.0882115 97690.7 0
0.0883094 97770.2 0
0.0884074 97849.6 0
0.0885054 97928.9 0
0.0886034 98008.1 0
0.0887015 98087.2 0
0.0887995 98166.1 0
0.0888976 98244.9 0
0.0889958 98323.6 0
0.0890939 98402.2 0
0.0891921 98480.6 0
0.0892903 98558.9 0
0.0893885 98637.1 0
0.0894867 98715.2 0
0.089585 98793.2 0
0.0896833 98871.1 0
0.0897816 98948.8 0
0.08988 99026.4 0
0.0899783 99103.9 0
0.0900767 99181.3 0
0.0901751 99258.5 0
0.0902736 99335.7 0
0.090372 99412.7 0
0.0904705 99489.6 0
0.090569 99566.4 0
0.0906675 99643 0
0.090766 99719.6 0
0.0908646 99796 0
0.0909632 99872.3 0
0.0910618 99948.5 0
0.0911604 100025 0
0.0912591 100101 0
0.0913577 100176 0
0.0914564 100252 0
0.0915552 100328 0
0.0916539 100403 0
0.0917526 100479 0
0.0918514 100554 0
0.0919502 100629 0
0.092049 100704 0
0.0921478 100779 0
0.0922467 100854 0
0.0923456 100928 0
0.0924445 101003 0
0.0925434 101077 0
0.0926423 101152 0
0.0927412 101226 0
0.0928402 101300 0
0.0929392 101374 0
0.0930382 101448 0
0.0931372 101522 0
0.0932363 101595 0
0.0933353 101669 0
0.0934344 101742 0
0.0935335 101816 0
0.0936326 101889 0
0.0937317 101962 0
0.0938308 102035 0
0.09393 102108 0
0.0940292 102181 0
0.0941284 102253 0
0.0942276 102326 0
0.0943268 102398 0
0.094426 102470 0
0.0945253 102543 0
0.0946246 102615 0
0.0947239 102687 0
0.0948232 102759 0
0.0949225 102830 0
0.0950218 102902 0
0.0951211 102973 0
0.0952205 103045 0
0.0953199 103116 0
0.0954193 103187 0
0.0955187 103258 0
0.0956181 103329 0
0.0957175 103400 0
0.095817 103471 0
0.0959164 103542 0
0.0960159 103612 0
0.0961154 103683 0
0.0962149 103753 0
0.0963144 103823 0
0.0964139 103893 0
0.0965134 103963 0
0.096613 104033 0
0.0967126 104103 0
0.0968121 104173 0
0.0969117 104242 0
0.0970113 104312 0
0.0971109 104381 0
0.0972105 104450 0
0.0973102 104519 0
0.0974098 104588 0
0.0975094 104657 0
0.0976091 104726 0
0.0977088 104795 0
0.0978085 104863 0
0.0979082 104932 0
0.0980079 105000 0
0.0981076 105069 0
0.0982073 105137 0
0.098307 105205 0
0.0984068 105273 0
0.0985065 105341 0
0.0986063 105408 0
0.098706 105476 0
0.0988058 105544 0
0.0989056 105611 0
0.0990054 105678 0
0.0991052 105746 0
0.099205 105813 0
0.0993048 105880 0
0.0994046 105947 0
0.0995045 106013 0
0.0996043 106080 0
0.0997042 106147 0
0.099804 106213 0
0.0999039 106280 0
0.100004 106346 0
0.100104 106412 0
0.100203 106478 0
0.100303 106544 0
0.100403 106610 0
0.100503 106676 0
0.100603 106742 0
0.100703 106807 0
0.100803 106873 0
0.100903 106938 0
0.101003 107003 0
0.101103 107068 0
0.101203 107134 0
0.101303 107199 0
0.101402 107263 0
0.101502 107328 0
0.101602 107393 0
0.101702 107457 0
0.101802 107522 0
0.101902 107586 0
0.102002 107650 0
0.102102 107715 0
0.102202 107779 0
0.102302 107843 0
0.102402 107907 0
0.102502 107970 0
0.102602 108034 0
0.102702 108098 0
0.102802 108161 0
0.102902 108224 0
0.103002 108288 0
0.103102 108351 0
0.103202 108414 0
0.103302 108477 0
0.103402 108540 0
0.103502 108603 0
0.103602 108665 0
0.103702 108718 1
0.103802 108705 1
0.103902 108549 1
