0.035 0 0
0.03501 36.3293 0
0.0350215 48.6878 1
0.0350338 63.2237 1
0.0350466 79.1361 1
0.0350599 96.2233 1
0.0350737 114.371 1
0.0350878 133.503 1
0.0351024 153.564 1
0.0351173 174.511 1
0.0351325 196.309 1
0.0351481 218.931 1
0.035164 242.353 1
0.0351802 266.554 1
0.0351967 291.518 1
0.0352135 317.228 1
0.0352306 343.671 1
0.0352479 370.835 1
0.0352656 398.709 1
0.0352834 427.284 1
0.0353016 456.55 1
0.03532 486.498 1
0.0353387 517.123 1
0.0353576 548.415 1
0.0353767 580.37 1
0.0353961 612.981 1
0.0354158 646.242 1
0.0354357 680.148 1
0.0354558 714.695 1
0.0354761 749.877 1
0.0354966 785.691 1
0.0355174 822.132 1
0.0355384 859.196 1
0.0355597 896.88 1
0.0355811 935.18 1
0.0356028 974.092 1
0.0356247 1013.61 1
0.0356467 1053.74 1
0.035669 1094.48 1
0.0356916 1135.81 1
0.0357143 1177.74 1
0.0357372 1220.27 1
0.0357603 1263.39 1
0.0357837 1307.11 1
0.0358072 1351.41 1
0.0358309 1396.29 1
0.0358549 1441.77 1
0.035879 1487.82 1
0.0359033 1534.46 1
0.0359278 1581.67 1
0.0359526 1629.46 1
0.0359775 1677.83 1
0.0360026 1726.77 1
0.0360279 1776.28 1
0.0360534 1826.36 1
0.036079 1877 1
0.0361049 1928.22 1
0.036131 1980 1
0.0361572 2032.35 1
0.0361836 2085.25 1
0.0362102 2138.72 1
0.036237 2192.75 1
0.036264 2247.34 1
0.0362911 2302.48 1
0.0363185 2358.18 1
0.036346 2414.43 1
0.0363737 2471.24 1
0.0364016 2528.6 1
0.0364296 2586.51 1
0.0364579 2644.97 1
0.0364863 2703.98 1
0.0365149 2763.53 1
0.0365437 2823.63 1
0.0365726 2884.28 1
0.0366017 2945.47 1
0.036631 3007.21 1
0.0366605 3069.49 1
0.0366901 3132.31 1
0.0367199 3195.67 1
0.0367499 3259.57 1
0.03678 3324 1
0.0368104 3388.98 1
0.0368409 3454.49 1
0.0368715 3520.54 1
0.0369024 3587.12 1
0.0369334 3654.23 1
0.0369645 3721.88 1
0.0369959 3790.06 1
0.0370274 3858.77 1
0.037059 3928.01 1
0.0370909 3997.78 1
0.0371229 4068.08 1
0.037155 4138.91 1
0.0371874 4210.27 1
0.0372199 4282.15 1
0.0372525 4354.55 1
0.0372853 4427.48 1
0.0373183 4500.94 1
0.0373515 4574.91 1
0.0373848 4649.41 1
0.0374183 4724.43 1
0.0374519 4799.97 1
0.0374857 4876.03 1
0.0375196 4952.61 1
0.0375537 5029.71 1
0.037588 5107.33 1
0.0376225 5185.46 1
0.037657 5264.11 1
0.0376918 5343.27 1
0.0377267 5422.95 1
0.0377618 5503.14 1
0.037797 5583.85 1
0.0378324 5665.07 1
0.0378679 5746.8 1
0.0379036 5829.04 1
0.0379394 5911.79 1
0.0379754 5995.05 1
0.0380116 6078.82 1
0.0380479 6163.1 1
0.0380844 6247.88 1
0.038121 6333.17 1
0.0381578 6418.97 1
0.0381947 6505.27 1
0.0382318 6592.08 1
0.038269 6679.4 1
0.0383064 6767.21 1
0.038344 6855.53 1
0.0383817 6944.35 1
0.0384195 7033.67 1
0.0384575 7123.5 1
0.0384957 7213.82 1
0.038534 7304.64 1
0.0385724 7395.96 1
0.038611 7487.78 1
0.0386498 7580.1 1
0.0386887 7672.91 1
0.0387277 7766.22 1
0.0387669 7860.02 1
0.0388063 7954.32 1
0.0388458 8049.11 1
0.0388854 8144.4 1
0.0389252 8240.18 1
0.0389651 8336.45 1
0.0390052 8433.21 1
0.0390455 8530.47 1
0.0390858 8628.21 1
0.0391264 8726.44 1
0.039167 8825.16 1
0.0392079 8924.37 1
0.0392488 9024.07 1
0.0392899 9124.26 1
0.0393312 9224.93 1
0.0393726 9326.08 1
0.0394141 9427.73 1
0.0394558 9529.85 1
0.0394977 9632.46 1
0.0395397 9735.55 1
0.0395818 9839.13 1
0.039624 9943.18 1
0.0396665 10047.7 1
0.039709 10152.7 1
0.0397517 10258.2 1
0.0397945 10364.2 1
0.0398375 10470.7 1
0.0398807 10577.6 1
0.0399239 10685 1
0.0399673 10792.9 1
0.0400109 10901.3 1
0.0400546 11010.1 1
0.0400984 11119.4 1
0.0401424 11229.2 1
0.0401865 11339.5 1
0.0402307 11450.2 1
0.0402751 11561.4 1
0.0403197 11673.1 1
0.0403643 11785.2 1
0.0404092 11897.8 1
0.0404541 12010.9 1
0.0404992 12124.5 1
0.0405444 12238.5 1
0.0405898 12353 1
0.0406353 12468 1
0.0406809 12583.4 1
0.0407267 12699.3 1
0.0407726 12815.6 1
0.0408187 12932.5 1
0.0408649 13049.7 1
0.0409112 13167.5 1
0.0409577 13285.7 1
0.0410043 13404.4 1
0.041051 13523.5 1
0.0410979 13643.1 1
0.0411449 13763.1 1
0.0411921 13883.7 1
0.0412394 14004.6 1
0.0412868 14126.1 1
0.0413343 14247.9 1
0.041382 14370.3 1
0.0414299 14493.1 1
0.0414778 14616.3 1
0.0415259 14740 1
0.0415741 14864.2 1
0.0416225 14988.8 1
0.041671 15113.9 1
0.0417196 15239.4 1
0.0417684 15365.4 1
0.0418173 15491.8 1
0.0418663 15618.7 1
0.0419155 15746 1
0.0419648 15873.8 1
0.0420142 16002 1
0.0420638 16130.7 1
0.0421134 16259.8 1
0.0421633 16389.3 1
0.0422132 16519.3 1
0.0422633 16649.8 1
0.0423135 16780.7 1
0.0423639 16912 1
0.0424143 17043.8 1
0.042465 17176 1
0.0425157 17308.7 1
0.0425666 17441.8 1
0.0426176 17575.4 1
0.0426687 17709.3 1
0.04272 17843.8 1
0.0427713 17978.6 1
0.0428229 18113.8 0
0.0428745 18249 0
0.0429263 18384.3 0
0.0429782 18519.7 0
0.0430302 18655.1 0
0.0430824 18790.6 0
0.0431347 18926.2 0
0.0431871 19061.8 0
0.0432396 19197.5 0
0.0432923 19333.3 0
0.0433451 19469.1 0
0.043398 19605 0
0.0434511 19741 0
0.0435043 19877 0
0.0435576 20013 0
0.043611 20149.1 0
0.0436646 20285.3 0
0.0437183 20421.5 0
0.0437721 20557.7 0
0.043826 20694 0
0.0438801 20830.4 0
0.0439343 20966.8 0
0.0439886 21103.2 0
0.0440431 21239.7 0
0.0440976 21376.2 0
0.0441523 21512.7 0
0.0442071 21649.3 0
0.0442621 21785.9 0
0.0443171 21922.6 0
0.0443723 22059.3 0
0.0444276 22196 0
0.0444831 22332.7 0
0.0445386 22469.5 0
0.0445943 22606.3 0
0.0446501 22743.1 0
0.0447061 22880 0
0.0447621 23016.8 0
0.0448183 23153.7 0
0.0448746 23290.6 0
0.044931 23427.6 0
0.0449876 23564.5 0
0.0450442 23701.5 0
0.045101 23838.5 0
0.0451579 23975.5 0
0.0452149 24112.5 0
0.0452721 24249.5 0
0.0453294 24386.5 0
0.0453868 24523.5 0
0.0454443 24660.6 0
0.0455019 24797.6 0
0.0455597 24934.7 0
0.0456175 25071.7 0
0.0456755 25208.8 0
0.0457336 25345.8 0
0.0457919 25482.9 0
0.0458502 25620 0
0.0459087 25757 0
0.0459673 25894.1 0
0.046026 26031.1 0
0.0460848 26168.1 0
0.0461438 26305.2 0
0.0462029 26442.2 0
0.0462621 26579.2 0
0.0463214 26716.2 0
0.0463808 26853.2 0
0.0464403 26990.2 0
0.0465 27127.1 0
0.0465598 27264.1 0
0.0466197 27401 0
0.0466797 27537.9 0
0.0467398 27674.8 0
0.0468 27811.7 0
0.0468604 27948.6 0
0.0469209 28085.4 0
0.0469815 28222.2 0
0.0470422 28359 0
0.047103 28495.7 0
0.047164 28632.5 0
0.047225 28769.2 0
0.0472862 28905.9 0
0.0473475 29042.5 0
0.0474089 29179.1 0
0.0474704 29315.7 0
0.047532 29452.3 0
0.0475938 29588.8 0
0.0476556 29725.3 0
0.0477176 29861.7 0
0.0477797 29998.2 0
0.0478419 30134.5 0
0.0479042 30270.9 0
0.0479667 30407.2 0
0.0480292 30543.5 0
0.0480919 30679.7 0
0.0481547 30815.9 0
0.0482175 30952 0
0.0482805 31088.1 0
0.0483437 31224.1 0
0.0484069 31360.1 0
0.0484702 31496.1 0
0.0485337 31632 0
0.0485972 31767.9 0
0.0486609 31903.7 0
0.0487247 32039.4 0
0.0487886 32175.2 0
0.0488526 32310.8 0
0.0489167 32446.4 0
0.048981 32582 0
0.0490453 32717.5 0
0.0491098 32852.9 0
0.0491743 32988.3 0
0.049239 33123.6 0
0.0493038 33258.9 0
0.0493687 33394.1 0
0.0494337 33529.3 0
0.0494988 33664.4 0
0.049564 33799.4 0
0.0496293 33934.4 0
0.0496948 34069.3 0
0.0497603 34204.2 0
0.049826 34338.9 0
0.0498918 34473.7 0
0.0499576 34608.3 0
0.0500236 34742.9 0
0.0500897 34877.4 0
0.0501559 35011.9 0
0.0502222 35146.3 0
0.0502887 35280.6 0
0.0503552 35414.8 0
0.0504218 35549 0
0.0504886 35683.1 0
0.0505554 35817.1 0
0.0506224 35951.1 0
0.0506894 36085 0
0.0507566 36218.8 0
0.0508239 36352.5 0
0.0508912 36486.1 0
0.0509587 36619.7 0
0.0510263 36753.2 0
0.051094 36886.7 0
0.0511618 37020 0
0.0512297 37153.3 0
0.0512978 37286.5 0
0.0513659 37419.6 0
0.0514341 37552.6 0
0.0515024 37685.5 0
0.0515709 37818.4 0
0.0516394 37951.2 0
0.0517081 38083.9 0
0.0517768 38216.5 0
0.0518457 38349 0
0.0519146 38481.5 0
0.0519837 38613.8 0
0.0520528 38746.1 0
0.0521221 38878.3 0
0.0521915 39010.4 0
0.0522609 39142.4 0
0.0523305 39274.3 0
0.0524002 39406.1 0
0.05247 39537.8 0
0.0525399 39669.5 0
0.0526099 39801 0
0.0526799 39932.5 0
0.0527501 40063.9 0
0.0528204 40195.1 0
0.0528908 40326.3 0
0.0529613 40457.4 0
0.0530319 40588.4 0
0.0531026 40719.3 0
0.0531734 40850.1 0
0.0532443 40980.8 0
0.0533153 41111.4 0
0.0533864 41241.9 0
0.0534576 41372.3 0
0.0535289 41502.6 0
0.0536003 41632.9 0
0.0536718 41763 0
0.0537434 41893 0
0.0538151 42022.9 0
0.0538869 42152.7 0
0.0539588 42282.4 0
0.0540308 42412.1 0
0.0541029 42541.6 0
0.0541751 42671 0
0.0542474 42800.3 0
0.0543198 42929.5 0
0.0543923 43058.6 0
0.0544648 43187.6 0
0.0545375 43316.5 0
0.0546103 43445.2 0
0.0546832 43573.9 0
0.0547562 43702.5 0
0.0548292 43831 0
0.0549024 43959.3 0
0.0549757 44087.6 0
0.055049 44215.7 0
0.0551225 44343.7 0
0.0551961 44471.7 0
0.0552697 44599.5 0
0.0553435 44727.2 0
0.0554173 44854.8 0
0.0554913 44982.3 0
0.0555653 45109.6 0
0.0556394 45236.9 0
0.0557136 45364.1 0
0.055788 45491.1 0
0.0558624 45618 0
0.0559369 45744.8 0
0.0560115 45871.5 0
0.0560862 45998.1 0
0.056161 46124.6 0
0.0562359 46251 0
0.0563109 46377.2 0
0.0563859 46503.3 0
0.0564611 46629.4 0
0.0565364 46755.3 0
0.0566117 46881 0
0.0566872 47006.7 0
0.0567627 47132.3 0
0.0568384 47257.7 0
0.0569141 47383 0
0.0569899 47508.2 0
0.0570658 47633.3 0
0.0571418 47758.3 0
0.0572179 47883.1 0
0.0572941 48007.8 0
0.0573704 48132.4 0
0.0574468 48256.9 0
0.0575232 48381.3 0
0.0575998 48505.6 0
0.0576764 48629.7 0
0.0577532 48753.7 0
0.05783 48877.6 0
0.0579069 49001.3 0
0.0579839 49125 0
0.058061 49248.5 0
0.0581382 49371.9 0
0.0582155 49495.2 0
0.0582928 49618.4 0
0.0583703 49741.4 0
0.0584478 49864.3 0
0.0585254 49987.1 0
0.0586032 50109.8 0
0.058681 50232.3 0
0.0587589 50354.7 0
0.0588369 50477 0
0.0589149 50599.2 0
0.0589931 50721.2 0
0.0590714 50843.1 0
0.0591497 50964.9 0
0.0592281 51086.6 0
0.0593066 51208.1 0
0.0593852 51329.6 0
0.0594639 51450.9 0
0.0595427 51572 0
0.0596216 51693.1 0
0.0597005 51814 0
0.0597795 51934.8 0
0.0598587 52055.4 0
0.0599379 52175.9 0
0.0600172 52296.4 0
0.0600965 52416.6 0
0.060176 52536.8 0
0.0602555 52656.8 0
0.0603352 52776.7 0
0.0604149 52896.4 0
0.0604947 53016.1 0
0.0605746 53135.6 0
0.0606546 53255 0
0.0607346 53374.2 0
0.0608148 53493.3 0
0.060895 53612.3 0
0.0609753 53731.2 0
0.0610557 53849.9 0
0.0611362 53968.5 0
0.0612167 54087 0
0.0612974 54205.3 0
0.0613781 54323.5 0
0.0614589 54441.6 0
0.0615398 54559.5 0
0.0616208 54677.4 0
0.0617018 54795 0
0.061783 54912.6 0
0.0618642 55030 0
0.0619455 55147.3 0
0.0620269 55264.5 0
0.0621083 55381.5 0
0.0621899 55498.4 0
0.0622715 55615.1 0
0.0623532 55731.8 0
0.062435 55848.3 0
0.0625169 55964.6 0
0.0625988 56080.9 0
0.0626809 56197 0
0.062763 56312.9 0
0.0628452 56428.8 0
0.0629274 56544.5 0
0.0630098 56660 0
0.0630922 56775.5 0
0.0631747 56890.8 0
0.0632573 57005.9 0
0.06334 57121 0
0.0634227 57235.9 0
0.0635056 57350.6 0
0.0635885 57465.3 0
0.0636714 57579.8 0
0.0637545 57694.1 0
0.0638376 57808.4 0
0.0639209 57922.4 0
0.0640042 58036.4 0
0.0640875 58150.2 0
0.064171 58263.9 0
0.0642545 58377.5 0
0.0643381 58490.9 0
0.0644218 58604.2 0
0.0645055 58717.4 0
0.0645894 58830.4 0
0.0646733 58943.3 0
0.0647573 59056 0
0.0648413 59168.6 0
0.0649254 59281.1 0
0.0650097 59393.4 0
0.0650939 59505.6 0
0.0651783 59617.7 0
0.0652627 59729.7 0
0.0653472 59841.5 0
0.0654318 59953.1 0
0.0655165 60064.6 0
0.0656012 60176 0
0.065686 60287.3 0
0.0657709 60398.4 0
0.0658559 60509.4 0
0.0659409 60620.3 0
0.066026 60731 0
0.0661112 60841.6 0
0.0661964 60952 0
0.0662818 61062.3 0
0.0663671 61172.5 0
0.0664526 61282.5 0
0.0665382 61392.4 0
0.0666238 61502.2 0
0.0667095 61611.8 0
0.0667952 61721.3 0
0.066881 61830.7 0
0.0669669 61939.9 0
0.0670529 62049 0
0.0671389 62157.9 0
0.0672251 62266.7 0
0.0673112 62375.4 0
0.0673975 62483.9 0
0.0674838 62592.3 0
0.0675702 62700.6 0
0.0676567 62808.7 0
0.0677432 62916.7 0
0.0678298 63024.6 0
0.0679165 63132.3 0
0.0680032 63239.9 0
0.0680901 63347.3 0
0.0681769 63454.6 0
0.0682639 63561.8 0
0.0683509 63668.8 0
0.068438 63775.7 0
0.0685252 63882.5 0
0.0686124 63989.1 0
0.0686997 64095.6 0
0.068787 64202 0
0.0688745 64308.2 0
0.068962 64414.3 0
0.0690495 64520.2 0
0.0691372 64626 0
0.0692249 64731.7 0
0.0693126 64837.2 0
0.0694005 64942.6 0
0.0694884 65047.9 0
0.0695763 65153 0
0.0696644 65258 0
0.0697525 65362.9 0
0.0698406 65467.6 0
0.0699288 65572.2 0
0.0700171 65676.6 0
0.0701055 65780.9 0
0.0701939 65885.1 0
0.0702824 65989.1 0
0.070371 66093 0
0.0704596 66196.8 0
0.0705483 66300.4 0
0.070637 66403.9 0
0.0707258 66507.3 0
0.0708147 66610.5 0
0.0709036 66713.6 0
0.0709926 66816.5 0
0.0710817 66919.3 0
0.0711708 67022 0
0.07126 67124.6 0
0.0713493 67227 0
0.0714386 67329.2 0
0.071528 67431.4 0
0.0716174 67533.4 0
0.0717069 67635.2 0
0.0717965 67737 0
0.0718861 67838.5 0
0.0719758 67940 0
0.0720655 68041.3 0
0.0721554 68142.5 0
0.0722452 68243.6 0
0.0723352 68344.5 0
0.0724252 68445.3 0
0.0725152 68545.9 0
0.0726053 68646.4 0
0.0726955 68746.8 0
0.0727857 68847 0
0.072876 68947.1 0
0.0729664 69047.1 0
0.0730568 69146.9 0
0.0731473 69246.6 0
0.0732378 69346.2 0
0.0733284 69445.6 0
0.073419 69544.9 0
0.0735097 69644.1 0
0.0736005 69743.1 0
0.0736913 69842 0
0.0737822 69940.8 0
0.0738732 70039.4 0
0.0739642 70137.9 0
0.0740552 70236.3 0
0.0741463 70334.5 0
0.0742375 70432.6 0
0.0743287 70530.5 0
0.07442 70628.3 0
0.0745113 70726 0
0.0746027 70823.6 0
0.0746942 70921 0
0.0747857 71018.3 0
0.0748773 71115.4 0
0.0749689 71212.5 0
0.0750606 71309.4 0
0.0751523 71406.1 0
0.0752441 71502.7 0
0.0753359 71599.2 0
0.0754278 71695.6 0
0.0755198 71791.8 0
0.0756118 71887.9 0
0.0757038 71983.8 0
0.0757959 72079.7 0
0.0758881 72175.3 0
0.0759803 72270.9 0
0.0760726 72366.3 0
0.0761649 72461.6 0
0.0762573 72556.8 0
0.0763497 72651.8 0
0.0764422 72746.7 0
0.0765348 72841.5 0
0.0766274 72936.1 0
0.07672 73030.6 0
0.0768127 73125 0
0.0769054 73219.2 0
0.0769982 73313.3 0
0.0770911 73407.3 0
0.077184 73501.1 0
0.0772769 73594.8 0
0.0773699 73688.4 0
0.077463 73781.9 0
0.0775561 73875.2 0
0.0776493 73968.4 0
0.0777425 74061.4 0
0.0778357 74154.4 0
0.077929 74247.2 0
0.0780224 74339.8 0
0.0781158 74432.4 0
0.0782092 74524.8 0
0.0783028 74617 0
0.0783963 74709.2 0
0.0784899 74801.2 0
0.0785836 74893.1 0
0.0786773 74984.8 0
0.078771 75076.5 0
0.0788648 75168 0
0.0789586 75259.3 0
0.0790525 75350.6 0
0.0791465 75441.7 0
0.0792405 75532.6 0
0.0793345 75623.5 0
0.0794286 75714.2 0
0.0795227 75804.8 0
0.0796169 75895.3 0
0.0797111 75985.6 0
0.0798054 76075.8 0
0.0798997 76165.9 0
0.079994 76255.8 0
0.0800884 76345.6 0
0.0801829 76435.3 0
0.0802774 76524.9 0
0.0803719 76614.3 0
0.0804665 76703.6 0
0.0805611 76792.8 0
0.0806558 76881.9 0
0.0807505 76970.8 0
0.0808453 77059.6 0
0.0809401 77148.3 0
0.0810349 77236.8 0
0.0811298 77325.2 0
0.0812248 77413.5 0
0.0813197 77501.7 0
0.0814148 77589.7 0
0.0815098 77677.6 0
0.081605 77765.4 0
0.0817001 77853 0
0.0817953 77940.6 0
0.0818905 78028 0
0.0819858 78115.3 0
0.0820811 78202.4 0
0.0821765 78289.4 0
0.0822719 78376.3 0
0.0823674 78463.1 0
0.0824628 78549.8 0
0.0825584 78636.3 0
0.0826539 78722.7 0
0.0827495 78808.9 0
0.0828452 78895.1 0
0.0829409 78981.1 0
0.0830366 79067 0
0.0831324 79152.8 0
0.0832282 79238.4 0
0.083324 79324 0
0.0834199 79409.4 0
0.0835159 79494.6 0
0.0836118 79579.8 0
0.0837078 79664.8 0
0.0838039 79749.7 0
0.0839 79834.5 0
0.0839961 79919.2 0
0.0840922 80003.7 0
0.0841884 80088.1 0
0.0842847 80172.4 0
0.0843809 80256.6 0
0.0844772 80340.6 0
0.0845736 80424.5 0
0.08467 80508.3 0
0.0847664 80592 0
0.0848628 80675.5 0
0.0849593 80759 0
0.0850559 80842.3 0
0.0851524 80925.5 0
0.085249 81008.5 0
0.0853457 81091.5 0
0.0854423 81174.3 0
0.085539 81257 0
0.0856358 81339.6 0
0.0857326 81422 0
0.0858294 81504.3 0
0.0859262 81586.6 0
0.0860231 81668.7 0
0.08612 81750.6 0
0.0862169 81832.5 0
0.0863139 81914.2 0
0.0864109 81995.8 0
0.086508 82077.3 0
0.0866051 82158.7 0
0.0867022 82239.9 0
0.0867993 82321 0
0.0868965 82402.1 0
0.0869937 82482.9 0
0.087091 82563.7 0
0.0871882 82644.4 0
0.0872856 82724.9 0
0.0873829 82805.3 0
0.0874803 82885.6 0
0.0875777 82965.8 0
0.0876751 83045.8 0
0.0877726 83125.8 0
0.0878701 83205.6 0
0.0879676 83285.3 0
0.0880651 83364.9 0
0.0881627 83444.3 0
0.0882603 83523.7 0
0.088358 83602.9 0
0.0884557 83682 0
0.0885534 83761 0
0.0886511 83839.9 0
0.0887489 83918.6 0
0.0888467 83997.3 0
0.0889445 84075.8 0
0.0890423 84154.2 0
0.0891402 84232.5 0
0.0892381 84310.7 0
0.0893361 84388.7 0
0.089434 84466.7 0
0.089532 84544.5 0
0.08963 84622.2 0
0.0897281 84699.8 0
0.0898261 84777.3 0
0.0899242 84854.6 0
0.0900224 84931.9 0
0.0901205 85009 0
0.0902187 85086 0
0.0903169 85162.9 0
0.0904151 85239.7 0
0.0905134 85316.4 0
0.0906117 85392.9 0
0.09071 85469.3 0
0.0908083 85545.7 0
0.0909067 85621.9 0
0.0910051 85698 0
0.0911035 85774 0
0.0912019 85849.8 0
0.0913003 85925.6 0
0.0913988 86001.2 0
0.0914973 86076.7 0
0.0915959 86152.2 0
0.0916944 86227.5 0
0.091793 86302.6 0
0.0918916 86377.7 0
0.0919902 86452.7 0
0.0920888 86527.5 0
0.0921875 86602.3 0
0.0922862 86676.9 0
0.0923849 86751.4 0
0.0924836 86825.8 0
0.0925824 86900.1 0
0.0926812 86974.2 0
0.0927799 87048.3 0
0.0928788 87122.2 0
0.0929776 87196.1 0
0.0930765 87269.8 0
0.0931753 87343.4 0
0.0932742 87416.9 0
0.0933732 87490.3 0
0.0934721 87563.6 0
0.0935711 87636.8 0
0.09367 87709.8 0
0.093769 87782.8 0
0.0938681 87855.6 0
0.0939671 87928.3 0
0.0940662 88001 0
0.0941652 88073.5 0
0.0942643 88145.9 0
0.0943634 88218.1 0
0.0944626 88290.3 0
0.0945617 88362.4 0
0.0946609 88434.4 0
0.0947601 88506.2 0
0.0948593 88577.9 0
0.0949585 88649.6 0
0.0950577 88721.1 0
0.095157 88792.5 0
0.0952563 88863.8 0
0.0953555 88935 0
0.0954548 89006.1 0
0.0955542 89077.1 0
0.0956535 89148 0
0.0957528 89218.7 0
0.0958522 89289.4 0
0.0959516 89359.9 0
0.096051 89430.4 0
0.0961504 89500.7 0
0.0962498 89570.9 0
0.0963493 89641.1 0
0.0964487 89711.1 0
0.0965482 89781 0
0.0966477 89850.8 0
0.0967472 89920.5 0
0.0968467 89990.1 0
0.0969462 90059.5 0
0.0970458 90128.9 0
0.0971453 90198.2 0
0.0972449 90267.3 0
0.0973444 90336.4 0
0.097444 90405.4 0
0.0975436 90474.2 0
0.0976433 90542.9 0
0.0977429 90611.6 0
0.0978425 90680.1 0
0.0979422 90748.5 0
0.0980418 90816.8 0
0.0981415 90885.1 0
0.0982412 90953.2 0
0.0983409 91021.2 0
0.0984406 91089.1 0
0.0985403 91156.9 0
0.09864 91224.6 0
0.0987398 91292.2 0
0.0988395 91359.6 0
0.0989393 91427 0
0.099039 91494.3 0
0.0991388 91561.5 0
0.0992386 91628.5 0
0.0993384 91695.5 0
0.0994382 91762.4 0
0.099538 91829.1 0
0.0996378 91895.8 0
0.0997376 91962.4 0
0.0998375 92028.8 0
0.0999373 92095.2 0
0.100037 92161.4 0
0.100137 92227.6 0
0.100237 92293.6 0
0.100337 92359.6 0
0.100437 92425.4 0
0.100537 92491.1 0
0.100636 92556.8 0
0.100736 92622.3 0
0.100836 92687.8 0
0.100936 92753.1 0
0.101036 92818.3 0
0.101136 92883.5 0
0.101236 92948.5 0
0.101336 93013.4 0
0.101436 93078.3 0
0.101536 93143 0
0.101636 93207.6 0
0.101736 93272.1 0
0.101836 93336.6 0
0.101936 93400.9 0
0.102035 93465.1 0
0.102135 93529.3 0
0.102235 93593.3 0
0.102335 93657.2 0
0.102435 93721.1 0
0.102535 93784.8 0
0.102635 93848.5 0
0.102735 93912 0
0.102835 93975.4 0
0.102935 94038.8 0
0.103035 94102 0
0.103135 94165.2 0
0.103235 94228.2 0
0.103335 94291.2 0
0.103435 94354 0
0.103535 94416.8 0
0.103635 94479.4 0
0.103735 94513.2 1
0.103835 94463 1
