0.005 0 0
0.00501 848.621 0
0.00502128 872.933 1
0.00503315 900.427 1
0.00504548 929.838 1
0.0050582 960.85 1
0.00507129 993.284 1
0.00508471 1027.02 1
0.00509843 1061.97 1
0.00511245 1098.06 1
0.00512674 1135.24 1
0.00514129 1173.46 1
0.0051561 1212.68 1
0.00517115 1252.88 1
0.00518645 1294.01 1
0.00520197 1336.05 1
0.00521772 1378.98 1
0.00523369 1422.79 1
0.00524987 1467.44 1
0.00526626 1512.92 1
0.00528286 1559.22 1
0.00529966 1606.31 1
0.00531666 1654.2 1
0.00533386 1702.86 1
0.00535125 1752.28 1
0.00536882 1802.45 1
0.00538659 1853.37 1
0.00540454 1905.01 1
0.00542267 1957.37 1
0.00544098 2010.45 1
0.00545947 2064.23 1
0.00547813 2118.71 1
0.00549697 2173.87 1
0.00551598 2229.71 1
0.00553516 2286.23 1
0.00555451 2343.41 1
0.00557403 2401.26 1
0.00559371 2459.76 1
0.00561356 2518.9 1
0.00563356 2578.69 1
0.00565373 2639.12 1
0.00567406 2700.17 1
0.00569455 2761.86 1
0.0057152 2824.16 1
0.005736 2887.08 1
0.00575696 2950.61 1
0.00577807 3014.75 1
0.00579934 3079.49 1
0.00582076 3144.83 1
0.00584233 3210.76 1
0.00586405 3277.28 1
0.00588592 3344.39 1
0.00590794 3412.08 1
0.0059301 3480.35 1
0.00595242 3549.2 1
0.00597487 3618.61 1
0.00599748 3688.59 1
0.00602023 3759.14 1
0.00604312 3830.25 1
0.00606616 3901.91 1
0.00608934 3974.13 1
0.00611266 4046.9 1
0.00613612 4120.22 1
0.00615972 4194.08 1
0.00618346 4268.48 1
0.00620734 4343.43 1
0.00623136 4418.91 1
0.00625551 4494.92 1
0.00627981 4571.47 1
0.00630424 4648.54 1
0.00632881 4726.14 1
0.00635351 4804.26 1
0.00637835 4882.9 1
0.00640332 4962.06 1
0.00642842 5041.74 1
0.00645366 5121.93 1
0.00647904 5202.62 1
0.00650454 5283.83 1
0.00653018 5365.55 1
0.00655595 5447.76 1
0.00658185 5530.48 1
0.00660788 5613.7 1
0.00663404 5697.42 1
0.00666033 5781.63 1
0.00668675 5866.33 1
0.0067133 5951.53 1
0.00673998 6037.21 1
0.00676679 6123.38 1
0.00679372 6210.04 1
0.00682078 6297.17 1
0.00684797 6384.79 1
0.00687529 6472.89 1
0.00690273 6561.47 1
0.0069303 6650.52 1
0.00695799 6740.04 1
0.00698581 6830.04 1
0.00701375 6920.51 1
0.00704182 7011.44 1
0.00707001 7102.84 1
0.00709833 7194.71 1
0.00712676 7287.04 1
0.00715533 7379.83 1
0.00718401 7473.08 1
0.00721282 7566.79 1
0.00724175 7660.95 1
0.0072708 7755.57 1
0.00729998 7850.64 1
0.00732927 7946.17 1
0.00735869 8042.14 1
0.00738822 8138.57 1
0.00741788 8235.44 1
0.00744766 8332.75 1
0.00747756 8430.51 1
0.00750757 8528.71 1
0.00753771 8627.36 1
0.00756796 8726.44 1
0.00759834 8825.96 1
0.00762883 8925.92 1
0.00765944 9026.31 1
0.00769017 9127.14 1
0.00772102 9228.4 1
0.00775198 9330.09 1
0.00778306 9432.22 1
0.00781426 9534.77 1
0.00784558 9637.74 1
0.00787701 9741.15 1
0.00790856 9844.98 1
0.00794022 9949.23 1
0.007972 10053.9 1
0.0080039 10159 1
0.00803591 10264.5 1
0.00806804 10370.4 1
0.00810028 10476.8 1
0.00813263 10583.6 1
0.0081651 10690.7 1
0.00819769 10798.3 1
0.00823039 10906.3 1
0.0082632 11014.8 1
0.00829612 11123.6 1
0.00832916 11232.8 1
0.00836232 11342.5 1
0.00839558 11452.5 1
0.00842896 11563 1
0.00846245 11673.8 1
0.00849606 11785.1 1
0.00852977 11896.8 1
0.0085636 12008.8 1
0.00859754 12121.3 1
0.00863159 12234.2 1
0.00866575 12347.4 1
0.00870003 12461.1 1
0.00873441 12575.1 1
0.00876891 12689.6 1
0.00880352 12804.4 1
0.00883823 12919.7 1
0.00887306 13035.3 1
0.008908 13151.3 1
0.00894305 13267.7 1
0.0089782 13384.5 1
0.00901347 13501.7 1
0.00904885 13619.2 1
0.00908433 13737.2 1
0.00911993 13855.5 1
0.00915563 13974.3 1
0.00919144 14093.4 1
0.00922736 14212.8 1
0.00926339 14332.7 1
0.00929953 14453 1
0.00933578 14573.6 1
0.00937213 14694.6 1
0.00940859 14816 1
0.00944516 14937.7 1
0.00948184 15059.8 1
0.00951862 15182.3 1
0.00955551 15305.2 1
0.00959251 15428.5 1
0.00962962 15552.1 1
0.00966683 15676.1 1
0.00970415 15800.4 1
0.00974157 15925.2 1
0.0097791 16050.3 1
0.00981674 16175.7 1
0.00985448 16301.6 1
0.00989233 16427.7 1
0.00993028 16554.3 1
0.00996834 16681.2 1
0.0100065 16808.5 1
0.0100448 16936.2 1
0.0100832 17064.2 1
0.0101216 17192.5 1
0.0101602 17321.3 1
0.0101989 17450.3 1
0.0102377 17579.8 1
0.0102766 17709.6 1
0.0103156 17839.7 1
0.0103547 17970.3 1
0.0103939 18101.1 1
0.0104332 18232.3 1
0.0104726 18363.9 1
0.0105122 18495.8 1
0.0105518 18628.1 1
0.0105915 18760.7 1
0.0106313 18893.7 1
0.0106713 19027 1
0.0107113 19160.7 1
0.0107515 19294.7 1
0.0107917 19429.1 1
0.010832 19563.8 1
0.0108725 19698.9 1
0.010913 19834.3 1
0.0109537 19970 1
0.0109944 20106.1 1
0.0110353 20242.5 1
0.0110763 20379.3 1
0.0111173 20516.4 1
0.0111585 20653.9 1
0.0111997 20791.7 1
0.0112411 20929.8 1
0.0112826 21068.3 1
0.0113241 21207.1 1
0.0113658 21346.2 1
0.0114075 21485.7 1
0.0114494 21625.5 1
0.0114914 21765.7 1
0.0115334 21906.2 1
0.0115756 22047 1
0.0116179 22188.1 1
0.0116602 22329.6 1
0.0117027 22471.4 1
0.0117453 22613.6 1
0.0117879 22756 1
0.0118307 22898.8 1
0.0118736 23042 1
0.0119165 23185.4 1
0.0119596 23329.2 1
0.0120028 23473.3 1
0.012046 23617.8 1
0.0120894 23762.5 1
0.0121328 23907.6 1
0.0121764 24053 1
0.01222 24198.7 1
0.0122638 24344.8 1
0.0123076 24491.2 1
0.0123516 24637.9 1
0.0123956 24784.9 1
0.0124398 24932.2 1
0.012484 25079.9 1
0.0125284 25227.9 1
0.0125728 25376.2 1
0.0126174 25524.8 1
0.012662 25673.7 1
0.0127067 25822.9 1
0.0127515 25972.5 1
0.0127965 26122.4 1
0.0128415 26272.6 1
0.0128866 26423.1 1
0.0129318 26573.9 1
0.0129771 26725 1
0.0130225 26876.4 1
0.0130681 27028.2 1
0.0131137 27180.2 1
0.0131593 27332.6 1
0.0132051 27485.3 1
0.013251 27638.3 1
0.013297 27791.6 1
0.0133431 27945.2 1
0.0133893 28099.1 1
0.0134355 28253.3 1
0.0134819 28407.8 1
0.0135284 28562.7 1
0.0135749 28717.8 1
0.0136216 28873.2 1
0.0136683 29029 1
0.0137152 29185 1
0.0137621 29341.4 1
0.0138092 29498 1
0.0138563 29655 1
0.0139035 29812.2 1
0.0139508 29969.8 1
0.0139982 30127.6 1
0.0140457 30285.8 1
0.0140933 30444.2 1
0.014141 30603 1
0.0141888 30762 1
0.0142367 30921.4 1
0.0142847 31081 1
0.0143327 31240.9 1
0.0143809 31401.2 1
0.0144292 31561.7 1
0.0144775 31722.5 1
0.0145259 31883.6 1
0.0145745 32045 1
0.0146231 32206.7 1
0.0146718 32368.7 1
0.0147206 32531 1
0.0147696 32693.5 1
0.0148186 32856.4 1
0.0148676 33019.5 1
0.0149168 33183 1
0.0149661 33346.7 1
0.0150155 33510.7 1
0.0150649 33675 1
0.0151145 33839.6 1
0.0151641 34004.5 1
0.0152139 34169.7 1
0.0152637 34335.1 1
0.0153136 34500.8 1
0.0153636 34666.9 1
0.0154137 34833.2 1
0.0154639 34999.7 1
0.0155142 35166.6 1
0.0155646 35333.8 1
0.0156151 35501.2 1
0.0156656 35668.9 1
0.0157163 35836.9 1
0.015767 36005.2 1
0.0158179 36173.7 1
0.0158688 36342.6 1
0.0159198 36511.7 1
0.0159709 36681.1 1
0.0160221 36850.8 1
0.0160734 37020.7 1
0.0161248 37190.9 1
0.0161762 37361.4 1
0.0162278 37532.2 1
0.0162794 37703.3 1
0.0163312 37874.6 1
0.016383 38046.2 1
0.0164349 38218.1 1
0.0164869 38390.2 1
0.016539 38562.6 1
0.0165912 38735.3 1
0.0166435 38908.3 1
0.0166958 39081.5 1
0.0167483 39255.1 1
0.0168008 39428.8 1
0.0168535 39602.9 1
0.0169062 39777.2 1
0.016959 39951.8 1
0.0170119 40126.6 1
0.0170649 40301.8 1
0.017118 40477.2 1
0.0171711 40652.8 1
0.0172244 40828.8 1
0.0172777 41005 1
0.0173311 41181.4 1
0.0173847 41358.1 1
0.0174383 41535.1 1
0.017492 41712.4 1
0.0175457 41889.9 1
0.0175996 42067.7 1
0.0176536 42245.7 1
0.0177076 42424 1
0.0177617 42602.6 1
0.0178159 42781.4 1
0.0178702 42960.5 1
0.0179246 43139.9 1
0.0179791 43319.5 1
0.0180337 43499.4 1
0.0180883 43679.5 1
0.0181431 43859.9 1
0.0181979 44040.5 1
0.0182528 44221.4 1
0.0183078 44402.6 1
0.0183629 44584 1
0.0184181 44765.7 1
0.0184733 44947.6 1
0.0185287 45129.8 1
0.0185841 45312.3 1
0.0186396 45495 1
0.0186952 45677.9 1
0.0187509 45861.1 1
0.0188067 46044.6 1
0.0188626 46228.3 1
0.0189185 46412.3 1
0.0189746 46596.5 1
0.0190307 46781 1
0.0190869 46965.7 1
0.0191432 47150.6 1
0.0191995 47335.9 1
0.019256 47521.3 1
0.0193126 47707.1 1
0.0193692 47893 1
0.0194259 48079.2 1
0.0194827 48265.7 1
0.0195396 48452.4 1
0.0195966 48639.4 1
0.0196536 48826.6 1
0.0197108 49014 1
0.019768 49201.7 1
0.0198253 49389.7 1
0.0198827 49577.9 1
0.0199402 49766.3 1
0.0199977 49955 1
0.0200554 50143.9 1
0.0201131 50333.1 1
0.0201709 50522.5 1
0.0202288 50712.1 1
0.0202868 50902 1
0.0203448 51092.2 1
0.020403 51282.5 1
0.0204612 51473.2 1
0.0205195 51664 1
0.0205779 51855.1 1
0.0206364 52046.4 1
0.020695 52238 1
0.0207536 52429.8 1
0.0208124 52621.9 1
0.0208712 52814.2 1
0.0209301 53006.7 1
0.020989 53199.5 1
0.0210481 53392.5 1
0.0211072 53585.7 1
0.0211665 53779.2 1
0.0212258 53972.9 1
0.0212852 54166.8 1
0.0213446 54361 1
0.0214042 54555.4 1
0.0214638 54750 1
0.0215235 54944.9 1
0.0215833 55140 1
0.0216432 55335.4 1
0.0217032 55530.9 1
0.0217632 55726.7 1
0.0218234 55922.8 1
0.0218836 56119 1
0.0219439 56315.5 1
0.0220042 56512.3 1
0.0220647 56709.2 1
0.0221252 56906.4 1
0.0221858 57103.8 1
0.0222465 57301.4 1
0.0223073 57499.3 1
0.0223682 57697.4 1
0.0224291 57895.7 1
0.0224901 58094.3 1
0.0225512 58293 1
0.0226124 58492 1
0.0226737 58691.3 1
0.022735 58890.7 1
0.0227964 59090.4 1
0.0228579 59290.3 1
0.0229195 59490.4 1
0.0229812 59690.7 1
0.0230429 59891.3 1
0.0231047 60092.1 1
0.0231666 60293.1 1
0.0232286 60494.3 1
0.0232907 60695.8 1
0.0233528 60897.5 1
0.023415 61099.4 1
0.0234773 61301.5 1
0.0235397 61503.8 1
0.0236022 61706.4 1
0.0236647 61909.1 1
0.0237273 62112.1 1
0.02379 62315.3 1
0.0238528 62518.8 1
0.0239156 62722.4 1
0.0239786 62926.3 1
0.0240416 63130.3 1
0.0241047 63334.6 1
0.0241678 63539.1 1
0.0242311 63743.9 1
0.0242944 63948.8 1
0.0243578 64153.9 1
0.0244213 64359.3 1
0.0244848 64564.9 1
0.0245485 64770.7 1
0.0246122 64976.7 1
0.024676 65182.9 1
0.0247399 65389.3 1
0.0248038 65596 1
0.0248678 65802.8 1
0.0249319 66009.9 1
0.0249961 66217.1 1
0.0250604 66424.6 1
0.0251247 66632.3 1
0.0251891 66840.2 1
0.0252536 67048.3 1
0.0253182 67256.6 1
0.0253828 67465.2 1
0.0254475 67673.9 1
0.0255123 67882.8 1
0.0255772 68092 1
0.0256422 68301.3 1
0.0257072 68510.9 1
0.0257723 68720.7 1
0.0258375 68930.6 1
0.0259027 69140.8 1
0.025968 69351.2 1
0.0260335 69561.8 1
0.0260989 69772.5 1
0.0261645 69983.5 1
0.0262301 70194.7 1
0.0262958 70406.1 1
0.0263616 70617.7 1
0.0264275 70829.5 1
0.0264934 71041.5 1
0.0265595 71253.7 1
0.0266255 71466.1 1
0.0266917 71678.7 1
0.0267579 71891.5 1
0.0268243 72104.5 1
0.0268907 72317.7 1
0.0269571 72531.1 1
0.0270237 72744.7 1
0.0270903 72958.5 1
0.027157 73172.5 1
0.0272237 73386.7 1
0.0272906 73601.1 1
0.0273575 73815.7 1
0.0274245 74030.4 1
0.0274915 74245.4 1
0.0275587 74460.6 1
0.0276259 74675.9 1
0.0276932 74891.5 1
0.0277605 75107.3 1
0.027828 75323.2 1
0.0278955 75539.3 1
0.0279631 75755.7 1
0.0280307 75972.2 1
0.0280984 76188.9 1
0.0281663 76405.8 1
0.0282341 76622.9 1
0.0283021 76840.2 1
0.0283701 77057.7 1
0.0284382 77275.4 1
0.0285064 77493.2 1
0.0285746 77711.3 1
0.0286429 77929.5 1
0.0287113 78147.9 1
0.0287798 78366.5 1
0.0288483 78585.3 1
0.0289169 78804.3 1
0.0289856 79023.5 1
0.0290544 79242.9 1
0.0291232 79462.4 1
0.0291921 79682.2 1
0.0292611 79902.1 1
0.0293301 80122.2 1
0.0293992 80342.5 1
0.0294684 80563 1
0.0295377 80783.6 1
0.029607 81004.5 1
0.0296764 81225.5 1
0.0297459 81446.7 1
0.0298154 81668.1 1
0.029885 81889.7 1
0.0299547 82111.4 1
0.0300245 82333.4 1
0.0300943 82555.5 1
0.0301642 82777.8 1
0.0302342 83000.3 1
0.0303042 83222.9 1
0.0303744 83445.8 1
0.0304445 83668.8 1
0.0305148 83892 1
0.0305851 84115.3 1
0.0306555 84338.9 1
0.030726 84562.6 1
0.0307966 84786.5 1
0.0308672 85010.6 1
0.0309378 85234.9 1
0.0310086 85459.3 1
0.0310794 85683.9 1
0.0311503 85908.7 1
0.0312213 86133.7 1
0.0312923 86358.8 1
0.0313634 86584.1 1
0.0314346 86809.6 1
0.0315058 87035.3 1
0.0315772 87261.1 1
0.0316485 87487.1 1
0.03172 87713.3 1
0.0317915 87939.7 1
0.0318631 88166.2 1
0.0319348 88392.9 1
0.0320065 88619.7 1
0.0320783 88846.8 1
0.0321502 89074 1
0.0322221 89301.4 1
0.0322941 89528.9 1
0.0323662 89756.6 1
0.0324383 89984.5 1
0.0325105 90212.5 1
0.0325828 90440.8 1
0.0326552 90669.1 1
0.0327276 90897.7 1
0.0328001 91126.4 1
0.0328726 91355.3 1
0.0329453 91584.4 1
0.0330179 91813.6 1
0.0330907 92043 1
0.0331635 92272.5 1
0.0332364 92502.2 1
0.0333094 92732.1 1
0.0333824 92962.1 1
0.0334555 93192.3 1
0.0335287 93422.7 1
0.0336019 93653.2 1
0.0336752 93883.9 1
0.0337486 94114.8 1
0.033822 94345.8 1
0.0338955 94577 1
0.0339691 94808.3 1
0.0340427 95039.8 1
0.0341164 95271.5 1
0.0341902 95503.3 1
0.034264 95735.3 1
0.0343379 95967.4 1
0.0344119 96199.7 1
0.034486 96432.1 1
0.0345601 96664.7 1
0.0346342 96897.5 1
0.0347085 97130.4 1
0.0347828 97363.5 1
0.0348571 97596.8 1
0.0349316 97830.1 1
0.0350061 98063.7 1
0.0350806 98297.4 1
0.0351553 98531.3 1
0.03523 98765.3 1
0.0353047 98999.4 1
0.0353796 99233.8 1
0.0354545 99468.2 1
0.0355294 99702.9 1
0.0356044 99937.7 1
0.0356795 100173 1
0.0357547 100408 1
0.0358299 100643 1
0.0359052 100878 1
0.0359805 101114 1
0.036056 101350 1
0.0361314 101585 1
0.036207 101821 1
0.0362826 102057 1
0.0363583 102294 1
0.036434 102530 1
0.0365098 102767 1
0.0365857 103004 1
0.0366616 103240 1
0.0367376 103477 1
0.0368137 103715 1
0.0368898 103952 1
0.036966 104189 1
0.0370422 104427 1
0.0371186 104665 1
0.0371949 104903 1
0.0372714 105141 1
0.0373479 105379 1
0.0374244 105617 1
0.0375011 105856 1
0.0375778 106094 1
0.0376545 106333 1
0.0377314 106572 1
0.0378082 106811 1
0.0378852 107050 1
0.0379622 107290 1
0.0380393 107529 1
0.0381164 107769 1
0.0381936 108008 1
0.0382709 108248 1
0.0383482 108488 1
0.0384256 108729 1
0.038503 108969 1
0.0385805 109209 1
0.0386581 109450 0
0.0387358 109689 0
0.0388134 109929 0
0.0388912 110167 0
0.038969 110405 0
0.0390469 110643 0
0.0391249 110879 0
0.0392029 111116 0
0.0392809 111351 0
0.0393591 111586 0
0.0394372 111821 0
0.0395155 112055 0
0.0395938 112288 0
0.0396722 112521 0
0.0397506 112754 0
0.0398291 112985 0
0.0399077 113216 0
0.0399863 113447 0
0.040065 113677 0
0.0401437 113907 0
0.0402225 114135 0
0.0403014 114364 0
0.0403803 114592 0
0.0404592 114819 0
0.0405383 115046 0
0.0406174 115272 0
0.0406965 115498 0
0.0407758 115723 0
0.040855 115947 0
0.0409344 116171 0
0.0410138 116395 0
0.0410932 116618 0
0.0411728 116840 0
0.0412523 117062 0
0.041332 117284 0
0.0414117 117504 0
0.0414914 117725 0
0.0415712 117945 0
0.0416511 118164 0
0.041731 118383 0
0.041811 118601 0
0.0418911 118819 0
0.0419712 119036 0
0.0420514 119253 0
0.0421316 119469 0
0.0422119 119684 0
0.0422922 119900 0
0.0423726 120114 0
0.0424531 120329 0
0.0425336 120542 0
0.0426142 120755 0
0.0426948 120968 0
0.0427755 121180 0
0.0428562 121392 0
0.042937 121603 0
0.0430179 121814 0
0.0430988 122024 0
0.0431798 122234 0
0.0432608 122443 0
0.0433419 122652 0
0.0434231 122860 0
0.0435043 123068 0
0.0435855 123275 0
0.0436669 123482 0
0.0437482 123688 0
0.0438297 123894 0
0.0439112 124099 0
0.0439927 124304 0
0.0440743 124509 0
0.044156 124713 0
0.0442377 124916 0
0.0443195 125119 0
0.0444013 125322 0
0.0444832 125524 0
0.0445651 125725 0
0.0446471 125927 0
0.0447292 126127 0
0.0448113 126327 0
0.0448935 126527 0
0.0449757 126727 0
0.045058 126925 0
0.0451403 127124 0
0.0452227 127322 0
0.0453051 127519 0
0.0453876 127716 0
0.0454702 127913 0
0.0455528 128109 0
0.0456355 128305 0
0.0457182 128500 0
0.045801 128695 0
0.0458838 128889 0
0.0459667 129083 0
0.0460496 129277 0
0.0461326 129470 0
0.0462156 129663 0
0.0462987 129855 0
0.0463819 130047 0
0.0464651 130238 0
0.0465484 130429 0
0.0466317 130619 0
0.0467151 130809 0
0.0467985 130999 0
0.046882 131188 0
0.0469655 131377 0
0.0470491 131565 0
0.0471327 131753 0
0.0472164 131941 0
0.0473002 132128 0
0.047384 132314 0
0.0474678 132501 0
0.0475517 132687 0
0.0476357 132872 0
0.0477197 133057 0
0.0478038 133242 0
0.0478879 133426 0
0.047972 133610 0
0.0480563 133793 0
0.0481405 133976 0
0.0482249 134159 0
0.0483093 134341 0
0.0483937 134522 0
0.0484782 134704 0
0.0485627 134885 0
0.0486473 135065 0
0.0487319 135246 0
0.0488166 135425 0
0.0489014 135605 0
0.0489862 135784 0
0.049071 135962 0
0.0491559 136140 0
0.0492409 136318 0
0.0493259 136496 0
0.0494109 136673 0
0.049496 136849 0
0.0495812 137026 0
0.0496664 137202 0
0.0497516 137377 0
0.0498369 137552 0
0.0499223 137727 0
0.0500077 137901 0
0.0500932 138075 0
0.0501787 138249 0
0.0502642 138422 0
0.0503499 138595 0
0.0504355 138767 0
0.0505212 138939 0
0.050607 139111 0
0.0506928 139282 0
0.0507787 139453 0
0.0508646 139624 0
0.0509505 139794 0
0.0510365 139964 0
0.0511226 140134 0
0.0512087 140303 0
0.0512949 140472 0
0.0513811 140640 0
0.0514673 140808 0
0.0515536 140976 0
0.05164 141143 0
0.0517264 141310 0
0.0518129 141477 0
0.0518994 141643 0
0.0519859 141809 0
0.0520725 141974 0
0.0521592 142140 0
0.0522458 142304 0
0.0523326 142469 0
0.0524194 142633 0
0.0525062 142797 0
0.0525931 142960 0
0.0526801 143123 0
0.052767 143286 0
0.0528541 143449 0
0.0529412 143611 0
0.0530283 143772 0
0.0531155 143934 0
0.0532027 144095 0
0.05329 144256 0
0.0533773 144416 0
0.0534646 144576 0
0.0535521 144736 0
0.0536395 144895 0
0.053727 145054 0
0.0538146 145213 0
0.0539022 145371 0
0.0539898 145529 0
0.0540775 145687 0
0.0541653 145844 0
0.054253 146001 0
0.0543409 146158 0
0.0544288 146314 0
0.0545167 146470 0
0.0546047 146626 0
0.0546927 146781 0
0.0547807 146936 0
0.0548689 147091 0
0.054957 147246 0
0.0550452 147400 0
0.0551335 147554 0
0.0552218 147707 0
0.0553101 147860 0
0.0553985 148013 0
0.0554869 148165 0
0.0555754 148318 0
0.0556639 148470 0
0.0557525 148621 0
0.0558411 148772 0
0.0559297 148923 0
0.0560184 149074 0
0.0561072 149224 0
0.056196 149374 0
0.0562848 149524 0
0.0563737 149673 0
0.0564626 149823 0
0.0565516 149971 0
0.0566406 150120 0
0.0567296 150268 0
0.0568187 150416 0
0.0569079 150563 0
0.0569971 150711 0
0.0570863 150858 0
0.0571756 151004 0
0.0572649 151151 0
0.0573542 151297 0
0.0574437 151443 0
0.0575331 151588 0
0.0576226 151733 0
0.0577121 151878 0
0.0578017 152023 0
0.0578913 152167 0
0.057981 152311 0
0.0580707 152455 0
0.0581604 152598 0
0.0582502 152741 0
0.0583401 152884 0
0.05843 153027 0
0.0585199 153169 0
0.0586098 153311 0
0.0586998 153453 0
0.0587899 153594 0
0.05888 153735 0
0.0589701 153876 0
0.0590603 154017 0
0.0591505 154157 0
0.0592407 154297 0
0.059331 154437 0
0.0594214 154576 0
0.0595118 154715 0
0.0596022 154854 0
0.0596926 154993 0
0.0597832 155131 0
0.0598737 155269 0
0.0599643 155407 0
0.0600549 155544 0
0.0601456 155682 0
0.0602363 155818 0
0.060327 155955 0
0.0604178 156092 0
0.0605087 156228 0
0.0605995 156364 0
0.0606904 156499 0
0.0607814 156634 0
0.0608724 156770 0
0.0609634 156904 0
0.0610545 157039 0
0.0611456 157173 0
0.0612367 157307 0
0.0613279 157441 0
0.0614192 157574 0
0.0615104 157707 0
0.0616018 157840 0
0.0616931 157973 0
0.0617845 158106 0
0.0618759 158238 0
0.0619674 158370 0
0.0620589 158501 0
0.0621504 158633 0
0.062242 158764 0
0.0623336 158895 0
0.0624253 159025 0
0.062517 159156 0
0.0626087 159286 0
0.0627005 159415 0
0.0627923 159545 0
0.0628842 159674 0
0.0629761 159803 0
0.063068 159932 0
0.06316 160061 0
0.063252 160189 0
0.063344 160317 0
0.0634361 160445 0
0.0635282 160573 0
0.0636204 160700 0
0.0637126 160827 0
0.0638048 160954 0
0.0638971 161081 0
0.0639894 161207 0
0.0640817 161333 0
0.0641741 161459 0
0.0642665 161585 0
0.064359 161710 0
0.0644515 161835 0
0.064544 161960 0
0.0646365 162085 0
0.0647291 162209 0
0.0648218 162333 0
0.0649144 162457 0
0.0650072 162581 0
0.0650999 162704 0
0.0651927 162828 0
0.0652855 162951 0
0.0653784 163073 0
0.0654712 163196 0
0.0655642 163318 0
0.0656571 163440 0
0.0657501 163562 0
0.0658432 163684 0
0.0659362 163805 0
0.0660293 163926 0
0.0661225 164047 0
0.0662156 164168 0
0.0663088 164288 0
0.0664021 164408 0
0.0664953 164528 0
0.0665887 164648 0
0.066682 164767 0
0.0667754 164887 0
0.0668688 165006 0
0.0669622 165125 0
0.0670557 165243 0
0.0671493 165362 0
0.0672428 165480 0
0.0673364 165598 0
0.06743 165715 0
0.0675237 165833 0
0.0676173 165950 0
0.0677111 166067 0
0.0678048 166184 0
0.0678986 166301 0
0.0679924 166417 0
0.0680863 166533 0
0.0681802 166649 0
0.0682741 166765 0
0.0683681 166881 0
0.068462 166996 0
0.0685561 167111 0
0.0686501 167226 0
0.0687442 167341 0
0.0688383 167455 0
0.0689325 167569 0
0.0690266 167683 0
0.0691209 167797 0
0.0692151 167911 0
0.0693094 168024 0
0.0694037 168137 0
0.069498 168250 0
0.0695924 168363 0
0.0696868 168475 0
0.0697813 168588 0
0.0698757 168700 0
0.0699702 168812 0
0.0700648 168924 0
0.0701593 169035 0
0.0702539 169146 0
0.0703486 169257 0
0.0704432 169368 0
0.0705379 169479 0
0.0706326 169590 0
0.0707274 169700 0
0.0708222 169810 0
0.070917 169920 0
0.0710118 170029 0
0.0711067 170139 0
0.0712016 170248 0
0.0712965 170357 0
0.0713915 170466 0
0.0714865 170575 0
0.0715815 170683 0
0.0716766 170791 0
0.0717717 170900 0
0.0718668 171007 0
0.0719619 171115 0
0.0720571 171223 0
0.0721523 171330 0
0.0722475 171437 0
0.0723428 171544 0
0.0724381 171650 0
0.0725334 171757 0
0.0726288 171863 0
0.0727241 171969 0
0.0728196 172075 0
0.072915 172181 0
0.0730105 172287 0
0.073106 172392 0
0.0732015 172497 0
0.073297 172602 0
0.0733926 172707 0
0.0734882 172811 0
0.0735838 172916 0
0.0736795 173020 0
0.0737752 173124 0
0.0738709 173228 0
0.0739667 173331 0
0.0740624 173435 0
0.0741582 173538 0
0.0742541 173641 0
0.0743499 173744 0
0.0744458 173847 0
0.0745417 173949 0
0.0746377 174052 0
0.0747336 174154 0
0.0748296 174256 0
0.0749257 174357 0
0.0750217 174459 0
0.0751178 174560 0
0.0752139 174662 0
0.07531 174763 0
0.0754062 174864 0
0.0755023 174964 0
0.0755986 175065 0
0.0756948 175165 0
0.075791 175265 0
0.0758873 175365 0
0.0759836 175465 0
0.07608 175565 0
0.0761763 175664 0
0.0762727 175763 0
0.0763691 175862 0
0.0764656 175961 0
0.076562 176060 0
0.0766585 176159 0
0.076755 176257 0
0.0768516 176355 0
0.0769482 176453 0
0.0770447 176551 0
0.0771414 176649 0
0.077238 176746 0
0.0773347 176844 0
0.0774314 176941 0
0.0775281 177038 0
0.0776248 177135 0
0.0777216 177231 0
0.0778184 177328 0
0.0779152 177424 0
0.078012 177520 0
0.0781089 177616 0
0.0782057 177712 0
0.0783027 177808 0
0.0783996 177903 0
0.0784965 177998 0
0.0785935 178094 0
0.0786905 178189 0
0.0787875 178283 0
0.0788846 178378 0
0.0789817 178472 0
0.0790787 178567 0
0.0791759 178661 0
0.079273 178755 0
0.0793702 178849 0
0.0794673 178942 0
0.0795646 179036 0
0.0796618 179129 0
0.079759 179222 0
0.0798563 179315 0
0.0799536 179408 0
0.0800509 179501 0
0.0801483 179593 0
0.0802456 179686 0
0.080343 179778 0
0.0804404 179870 0
0.0805379 179962 0
0.0806353 180053 0
0.0807328 180145 0
0.0808303 180236 0
0.0809278 180327 0
0.0810253 180419 0
0.0811229 180509 0
0.0812205 180600 0
0.0813181 180691 0
0.0814157 180781 0
0.0815133 180872 0
0.081611 180962 0
0.0817087 181052 0
0.0818064 181141 0
0.0819041 181231 0
0.0820018 181321 0
0.0820996 181410 0
0.0821974 181499 0
0.0822952 181588 0
0.082393 181677 0
0.0824908 181766 0
0.0825887 181854 0
0.0826866 181943 0
0.0827845 182031 0
0.0828824 182119 0
0.0829804 182207 0
0.0830783 182295 0
0.0831763 182383 0
0.0832743 182470 0
0.0833723 182558 0
0.0834704 182645 0
0.0835684 182732 0
0.0836665 182819 0
0.0837646 182906 0
0.0838627 182992 0
0.0839608 183079 0
0.084059 183165 0
0.0841571 183251 0
0.0842553 183337 0
0.0843535 183423 0
0.0844517 183509 0
0.08455 183595 0
0.0846482 183680 0
0.0847465 183765 0
0.0848448 183851 0
0.0849431 183936 0
0.0850415 184021 0
0.0851398 184105 0
0.0852382 184190 0
0.0853365 184274 0
0.0854349 184359 0
0.0855334 184443 0
0.0856318 184527 0
0.0857302 184611 0
0.0858287 184695 0
0.0859272 184778 0
0.0860257 184862 0
0.0861242 184945 0
0.0862227 185028 0
0.0863213 185111 0
0.0864198 185194 0
0.0865184 185277 0
0.086617 185359 0
0.0867156 185442 0
0.0868143 185524 0
0.0869129 185606 0
0.0870116 185688 0
0.0871102 185770 0
0.0872089 185852 0
0.0873076 185934 0
0.0874064 186015 0
0.0875051 186097 0
0.0876039 186178 0
0.0877026 186259 0
0.0878014 186340 0
0.0879002 186421 0
0.087999 186502 0
0.0880978 186582 0
0.0881967 186663 0
0.0882955 186743 0
0.0883944 186823 0
0.0884933 186903 0
0.0885922 186983 0
0.0886911 187063 0
0.08879 187142 0
0.088889 187222 0
0.0889879 187301 0
0.0890869 187381 0
0.0891859 187460 0
0.0892849 187539 0
0.0893839 187618 0
0.0894829 187696 0
0.089582 187775 0
0.089681 187853 0
0.0897801 187932 0
0.0898791 188010 0
0.0899782 188088 0
0.0900773 188166 0
0.0901764 188244 0
0.0902756 188321 0
0.0903747 188399 0
0.0904739 188476 0
0.090573 188554 0
0.0906722 188631 0
0.0907714 188708 0
0.0908706 188785 0
0.0909698 188861 0
0.091069 188938 0
0.0911683 189015 0
0.0912675 189091 0
0.0913668 189167 0
0.0914661 189244 0
0.0915653 189320 0
0.0916646 189395 0
0.0917639 189471 0
0.0918633 189547 0
0.0919626 189622 0
0.0920619 189698 0
0.0921613 189773 0
0.0922606 189848 0
0.09236 189923 0
0.0924594 189998 0
0.0925588 190073 0
0.0926582 190148 0
0.0927576 190222 0
0.092857 190297 0
0.0929565 190371 0
0.0930559 190445 0
0.0931554 190519 0
0.0932548 190593 0
0.0933543 190667 0
0.0934538 190741 0
0.0935533 190814 0
0.0936528 190888 0
0.0937523 190961 0
0.0938518 191034 0
0.0939514 191108 0
0.0940509 191181 0
0.0941505 191253 0
0.09425 191326 0
0.0943496 191399 0
0.0944492 191471 0
0.0945488 191544 0
0.0946484 191616 0
0.094748 191688 0
0.0948476 191760 0
0.0949472 191832 0
0.0950468 191904 0
0.0951465 191976 0
0.0952461 192047 0
0.0953458 192119 0
0.0954454 192190 0
0.0955451 192261 0
0.0956448 192332 0
0.0957445 192403 0
0.0958442 192474 0
0.0959439 192545 0
0.0960436 192616 0
0.0961433 192686 0
0.096243 192757 0
0.0963427 192827 0
0.0964425 192897 0
0.0965422 192967 0
0.096642 193037 0
0.0967417 193107 0
0.0968415 193177 0
0.0969412 193247 0
0.097041 193316 0
0.0971408 193386 0
0.0972406 193455 0
0.0973404 193524 0
0.0974402 193593 0
0.09754 193662 0
0.0976398 193731 0
0.0977396 193800 0
0.0978394 193869 0
0.0979393 193937 0
0.0980391 194006 0
0.098139 194074 0
0.0982388 194142 0
0.0983386 194210 0
0.0984385 194278 0
0.0985384 194346 0
0.0986382 194414 0
0.0987381 194482 0
0.098838 194549 0
0.0989379 194617 0
0.0990377 194684 0
0.0991376 194751 0
0.0992375 194819 0
0.0993374 194886 0
0.0994373 194953 0
0.0995372 195019 0
0.0996372 195086 0
0.0997371 195153 0
0.099837 195219 0
0.0999369 195286 0
0.100037 195352 0
0.100137 195418 0
0.100237 195484 0
0.100337 195550 0
0.100437 195616 0
0.100537 195682 0
0.100636 195748 0
0.100736 195813 0
0.100836 195879 0
0.100936 195944 0
0.101036 196009 0
0.101136 196074 0
0.101236 196139 0
0.101336 196204 0
0.101436 196269 0
0.101536 196334 0
0.101636 196399 0
0.101736 196463 0
0.101836 196528 0
0.101936 196592 0
0.102036 196656 0
0.102136 196720 0
0.102236 196784 0
0.102336 196848 0
0.102436 196912 0
0.102536 196976 0
0.102636 197040 0
0.102736 197103 0
0.102836 197167 0
0.102936 197230 0
0.103036 197293 0
0.103136 197356 0
0.103236 197419 0
0.103336 197482 0
0.103436 197545 0
0.103536 197608 0
0.103636 197671 0
0.103736 197711 1
0.103836 197672 1
