8.01115e-006 1
1.60223e-005 1.49999
2.40335e-005 1.99998
3.20446e-005 2.21028e-005
4.00558e-005 2.21028e-005
4.80669e-005 2.21028e-005
5.60781e-005 2.21028e-005
6.40892e-005 2.21028e-005
7.21004e-005 2.21028e-005
8.01115e-005 2.21028e-005
8.81227e-005 2.21028e-005
9.61338e-005 2.21028e-005
0.000104145 2.21028e-005
0.000112156 2.21028e-005
0.000120167 2.21028e-005
0.000128178 2.21028e-005
0.00013619 2.21028e-005
0.000144201 2.21028e-005
0.000152212 2.21028e-005
0.000160223 2.21028e-005
0.000168234 2.21028e-005
0.000176245 2.21028e-005
0.000184257 2.21028e-005
0.000192268 2.21028e-005
0.000200279 2.21027e-005
0.00020829 2.21027e-005
0.000216301 2.21027e-005
0.000224312 2.21027e-005
0.000232323 2.21027e-005
0.000240335 2.21027e-005
0.000248346 2.21027e-005
0.000256357 2.21027e-005
0.000264368 2.21027e-005
0.000272379 2.21027e-005
0.00028039 2.21027e-005
0.000288402 2.21027e-005
0.000296413 2.21027e-005
0.000304424 2.21027e-005
0.000312435 2.21027e-005
0.000320446 2.21027e-005
0.000328457 2.21027e-005
0.000336468 2.21027e-005
0.00034448 2.21027e-005
0.000352491 2.21027e-005
0.000360502 2.21027e-005
0.000368513 2.21027e-005
0.000376524 2.21027e-005
0.000384535 2.21027e-005
0.000392547 2.21027e-005
0.000400558 2.21027e-005
0.000408569 2.21027e-005
0.00041658 2.21027e-005
0.000424591 2.21027e-005
0.000432602 2.21027e-005
0.000440613 2.21026e-005
0.000448625 2.21026e-005
0.000456636 2.21026e-005
0.000464647 2.21026e-005
0.000472658 2.21026e-005
0.000480669 2.21026e-005
0.00048868 2.21026e-005
0.000496692 2.21026e-005
0.000504703 2.21026e-005
0.000512714 2.21026e-005
0.000520725 2.21026e-005
0.000528736 2.21026e-005
0.000536747 2.21026e-005
0.000544758 2.21026e-005
0.00055277 2.21026e-005
0.000560781 2.21026e-005
0.000568792 2.21026e-005
0.000576803 2.21026e-005
0.000584814 2.21026e-005
0.000592825 2.21025e-005
0.000600837 2.21025e-005
0.000608848 2.21025e-005
0.000616859 2.21025e-005
0.00062487 2.21025e-005
0.000632881 2.21025e-005
0.000640892 2.21025e-005
0.000648903 2.21025e-005
0.000656915 2.21025e-005
0.000664926 2.21025e-005
0.000672937 2.21025e-005
0.000680948 2.21025e-005
0.000688959 2.21025e-005
0.00069697 2.21025e-005
0.000704982 2.21024e-005
0.000712993 2.21024e-005
0.000721004 2.21024e-005
0.000729015 2.21024e-005
0.000737026 2.21024e-005
0.000745037 2.21024e-005
0.000753048 2.21024e-005
0.00076106 2.21024e-005
0.000769071 2.21024e-005
0.000777082 2.21024e-005
0.000785093 2.21024e-005
0.000793104 2.21024e-005
0.000801115 2.21024e-005
0.000809127 2.21023e-005
0.000817138 2.21023e-005
0.000825149 2.21023e-005
0.00083316 2.21023e-005
0.000841171 2.21023e-005
0.000849182 2.21023e-005
0.000857193 2.21023e-005
0.000865205 2.21023e-005
0.000873216 2.21023e-005
0.000881227 2.21023e-005
0.000889238 2.21023e-005
0.000897249 2.21022e-005
0.00090526 2.21022e-005
0.000913272 2.21022e-005
0.000921283 2.21022e-005
0.000929294 2.21022e-005
0.000937305 2.21022e-005
0.000945316 2.21022e-005
0.000953327 2.21022e-005
0.000961338 2.21022e-005
0.00096935 2.21022e-005
0.000977361 2.21021e-005
0.000985372 2.21021e-005
0.000993383 2.21021e-005
0.00100139 2.21021e-005
0.00100941 2.21021e-005
0.00101742 2.21021e-005
0.00102543 2.21021e-005
0.00103344 2.21021e-005
0.00104145 2.21021e-005
0.00104946 2.2102e-005
0.00105747 2.2102e-005
0.00106548 2.2102e-005
0.00107349 2.2102e-005
0.00108151 2.2102e-005
0.00108952 2.2102e-005
0.00109753 2.2102e-005
0.00110554 2.2102e-005
0.00111355 2.2102e-005
0.00112156 2.21019e-005
0.00112957 2.21019e-005
0.00113758 2.21019e-005
0.0011456 2.21019e-005
0.00115361 2.21019e-005
0.00116162 2.21019e-005
0.00116963 2.21019e-005
0.00117764 2.21019e-005
0.00118565 2.21018e-005
0.00119366 2.21018e-005
0.00120167 2.21018e-005
0.00120968 2.21018e-005
0.0012177 2.21018e-005
0.00122571 2.21018e-005
0.00123372 2.21018e-005
0.00124173 2.21018e-005
0.00124974 2.21017e-005
0.00125775 2.21017e-005
0.00126576 2.21017e-005
0.00127377 2.21017e-005
0.00128178 2.21017e-005
0.0012898 2.21017e-005
0.00129781 2.21017e-005
0.00130582 2.21016e-005
0.00131383 2.21016e-005
0.00132184 2.21016e-005
0.00132985 2.21016e-005
0.00133786 2.21016e-005
0.00134587 2.21016e-005
0.00135389 2.21016e-005
0.0013619 2.21015e-005
0.00136991 2.21015e-005
0.00137792 2.21015e-005
0.00138593 2.21015e-005
0.00139394 2.21015e-005
0.00140195 2.21015e-005
0.00140996 2.21015e-005
0.00141797 2.21014e-005
0.00142599 2.21014e-005
0.001434 2.21014e-005
0.00144201 2.21014e-005
0.00145002 2.21014e-005
0.00145803 2.21014e-005
0.00146604 2.21013e-005
0.00147405 2.21013e-005
0.00148206 2.21013e-005
0.00149007 2.21013e-005
0.00149809 2.21013e-005
0.0015061 2.21013e-005
0.00151411 2.21013e-005
0.00152212 2.21012e-005
0.00153013 2.21012e-005
0.00153814 2.21012e-005
0.00154615 2.21012e-005
0.00155416 2.21012e-005
0.00156218 2.21012e-005
0.00157019 2.21011e-005
0.0015782 2.21011e-005
0.00158621 2.21011e-005
0.00159422 2.21011e-005
0.00160223 2.21011e-005
0.00161024 2.21011e-005
0.00161825 2.2101e-005
0.00162626 2.2101e-005
0.00163428 2.2101e-005
0.00164229 2.2101e-005
0.0016503 2.2101e-005
0.00165831 2.21009e-005
0.00166632 2.21009e-005
0.00167433 2.21009e-005
0.00168234 2.21009e-005
0.00169035 2.21009e-005
0.00169836 2.21009e-005
0.00170638 2.21008e-005
0.00171439 2.21008e-005
0.0017224 2.21008e-005
0.00173041 2.21008e-005
0.00173842 2.21008e-005
0.00174643 2.21007e-005
0.00175444 2.21007e-005
0.00176245 2.21007e-005
0.00177047 2.21007e-005
0.00177848 2.21007e-005
0.00178649 2.21006e-005
0.0017945 2.21006e-005
0.00180251 2.21006e-005
0.00181052 2.21006e-005
0.00181853 2.21006e-005
0.00182654 2.21006e-005
0.00183455 2.21005e-005
0.00184257 2.21005e-005
0.00185058 2.21005e-005
0.00185859 2.21005e-005
0.0018666 2.21005e-005
0.00187461 2.21004e-005
0.00188262 2.21004e-005
0.00189063 2.21004e-005
0.00189864 2.21004e-005
0.00190665 2.21004e-005
0.00191467 2.21003e-005
0.00192268 2.21003e-005
0.00193069 2.21003e-005
0.0019387 2.21003e-005
0.00194671 2.21002e-005
0.00195472 2.21002e-005
0.00196273 2.21002e-005
0.00197074 2.21002e-005
0.00197876 2.21002e-005
0.00198677 2.21001e-005
0.00199478 2.21001e-005
0.00200279 2.21001e-005
0.0020108 2.21001e-005
0.00201881 2.21001e-005
0.00202682 2.21e-005
0.00203483 2.21e-005
0.00204284 2.21e-005
0.00205086 2.21e-005
0.00205887 2.20999e-005
0.00206688 2.20999e-005
0.00207489 2.20999e-005
0.0020829 2.20999e-005
0.00209091 2.20999e-005
0.00209892 2.20998e-005
0.00210693 2.20998e-005
0.00211494 2.20998e-005
0.00212296 2.20998e-005
0.00213097 2.20997e-005
0.00213898 2.20997e-005
0.00214699 2.20997e-005
0.002155 2.20997e-005
0.00216301 2.20997e-005
0.00217102 2.20996e-005
0.00217903 2.20996e-005
0.00218705 2.20996e-005
0.00219506 2.20996e-005
0.00220307 2.20995e-005
0.00221108 2.20995e-005
0.00221909 2.20995e-005
0.0022271 2.20995e-005
0.00223511 2.20994e-005
0.00224312 2.20994e-005
0.00225113 2.20994e-005
0.00225915 2.20994e-005
0.00226716 2.20993e-005
0.00227517 2.20993e-005
0.00228318 2.20993e-005
0.00229119 2.20993e-005
0.0022992 2.20992e-005
0.00230721 2.20992e-005
0.00231522 2.20992e-005
0.00232323 2.20992e-005
0.00233125 2.20991e-005
0.00233926 2.20991e-005
0.00234727 2.20991e-005
0.00235528 2.20991e-005
0.00236329 2.2099e-005
0.0023713 2.2099e-005
0.00237931 2.2099e-005
0.00238732 2.2099e-005
0.00239534 2.20989e-005
0.00240335 2.20989e-005
0.00241136 2.20989e-005
0.00241937 2.20989e-005
0.00242738 2.20988e-005
0.00243539 2.20988e-005
0.0024434 2.20988e-005
0.00245141 2.20988e-005
0.00245942 2.20987e-005
0.00246744 2.20987e-005
0.00247545 2.20987e-005
0.00248346 2.20986e-005
0.00249147 2.20986e-005
0.00249948 2.20986e-005
0.00250749 2.20986e-005
0.0025155 2.20985e-005
0.00252351 2.20985e-005
0.00253152 2.20985e-005
0.00253954 2.20985e-005
0.00254755 2.20984e-005
0.00255556 2.20984e-005
0.00256357 2.20984e-005
0.00257158 2.20984e-005
0.00257959 2.20983e-005
0.0025876 2.20983e-005
0.00259561 2.20983e-005
0.00260363 2.20982e-005
0.00261164 2.20982e-005
0.00261965 2.20982e-005
0.00262766 2.20982e-005
0.00263567 2.20981e-005
0.00264368 2.20981e-005
0.00265169 2.20981e-005
0.0026597 2.2098e-005
0.00266771 2.2098e-005
0.00267573 2.2098e-005
0.00268374 2.2098e-005
0.00269175 2.20979e-005
0.00269976 2.20979e-005
0.00270777 2.20979e-005
0.00271578 2.20978e-005
0.00272379 2.20978e-005
0.0027318 2.20978e-005
0.00273981 2.20977e-005
0.00274783 2.20977e-005
0.00275584 2.20977e-005
0.00276385 2.20977e-005
0.00277186 2.20976e-005
0.00277987 2.20976e-005
0.00278788 2.20976e-005
0.00279589 2.20975e-005
0.0028039 2.20975e-005
0.00281192 2.20975e-005
0.00281993 2.20974e-005
0.00282794 2.20974e-005
0.00283595 2.20974e-005
0.00284396 2.20974e-005
0.00285197 2.20973e-005
0.00285998 2.20973e-005
0.00286799 2.20973e-005
0.002876 2.20972e-005
0.00288402 2.20972e-005
0.00289203 2.20972e-005
0.00290004 2.20971e-005
0.00290805 2.20971e-005
0.00291606 2.20971e-005
0.00292407 2.2097e-005
0.00293208 2.2097e-005
0.00294009 2.2097e-005
0.0029481 2.2097e-005
0.00295612 2.20969e-005
0.00296413 2.20969e-005
0.00297214 2.20969e-005
0.00298015 2.20968e-005
0.00298816 2.20968e-005
0.00299617 2.20968e-005
0.00300418 2.20967e-005
0.00301219 2.20967e-005
0.00302021 2.20967e-005
0.00302822 2.20966e-005
0.00303623 2.20966e-005
0.00304424 2.20966e-005
0.00305225 2.20965e-005
0.00306026 2.20965e-005
0.00306827 2.20965e-005
0.00307628 2.20964e-005
0.00308429 2.20964e-005
0.00309231 2.20964e-005
0.00310032 2.20963e-005
0.00310833 2.20963e-005
0.00311634 2.20963e-005
0.00312435 2.20962e-005
0.00313236 2.20962e-005
0.00314037 2.20962e-005
0.00314838 2.20961e-005
0.00315639 2.20961e-005
0.00316441 2.20961e-005
0.00317242 2.2096e-005
0.00318043 2.2096e-005
0.00318844 2.2096e-005
0.00319645 2.20959e-005
0.00320446 2.20959e-005
0.00321247 2.20959e-005
0.00322048 2.20958e-005
0.0032285 2.20958e-005
0.00323651 2.20958e-005
0.00324452 2.20957e-005
0.00325253 2.20957e-005
0.00326054 2.20956e-005
0.00326855 2.20956e-005
0.00327656 2.20956e-005
0.00328457 2.20955e-005
0.00329258 2.20955e-005
0.0033006 2.20955e-005
0.00330861 2.20954e-005
0.00331662 2.20954e-005
0.00332463 2.20954e-005
0.00333264 2.20953e-005
0.00334065 2.20953e-005
0.00334866 2.20953e-005
0.00335667 2.20952e-005
0.00336468 2.20952e-005
0.0033727 2.20951e-005
0.00338071 2.20951e-005
0.00338872 2.20951e-005
0.00339673 2.2095e-005
0.00340474 2.2095e-005
0.00341275 2.2095e-005
0.00342076 2.20949e-005
0.00342877 2.20949e-005
0.00343679 2.20949e-005
0.0034448 2.20948e-005
0.00345281 2.20948e-005
0.00346082 2.20947e-005
0.00346883 2.20947e-005
0.00347684 2.20947e-005
0.00348485 2.20946e-005
0.00349286 2.20946e-005
0.00350087 2.20946e-005
0.00350889 2.20945e-005
0.0035169 2.20945e-005
0.00352491 2.20944e-005
0.00353292 2.20944e-005
0.00354093 2.20944e-005
0.00354894 2.20943e-005
0.00355695 2.20943e-005
0.00356496 2.20942e-005
0.00357297 2.20942e-005
0.00358099 2.20942e-005
0.003589 2.20941e-005
0.00359701 2.20941e-005
0.00360502 2.20941e-005
0.00361303 2.2094e-005
0.00362104 2.2094e-005
0.00362905 2.20939e-005
0.00363706 2.20939e-005
0.00364508 2.20939e-005
0.00365309 2.20938e-005
0.0036611 2.20938e-005
0.00366911 2.20937e-005
0.00367712 2.20937e-005
0.00368513 2.20937e-005
0.00369314 2.20936e-005
0.00370115 2.20936e-005
0.00370916 2.20935e-005
0.00371718 2.20935e-005
0.00372519 2.20935e-005
0.0037332 2.20934e-005
0.00374121 2.20934e-005
0.00374922 2.20933e-005
0.00375723 2.20933e-005
0.00376524 2.20933e-005
0.00377325 2.20932e-005
0.00378126 2.20932e-005
0.00378928 2.20931e-005
0.00379729 2.20931e-005
0.0038053 2.20931e-005
0.00381331 2.2093e-005
0.00382132 2.2093e-005
0.00382933 2.20929e-005
0.00383734 2.20929e-005
0.00384535 2.20928e-005
0.00385337 2.20928e-005
0.00386138 2.20928e-005
0.00386939 2.20927e-005
0.0038774 2.20927e-005
0.00388541 2.20926e-005
0.00389342 2.20926e-005
0.00390143 2.20926e-005
0.00390944 2.20925e-005
0.00391745 2.20925e-005
0.00392547 2.20924e-005
0.00393348 2.20924e-005
0.00394149 2.20923e-005
0.0039495 2.20923e-005
0.00395751 2.20923e-005
0.00396552 2.20922e-005
0.00397353 2.20922e-005
0.00398154 2.20921e-005
0.00398955 2.20921e-005
0.00399757 2.2092e-005
0.00400558 2.2092e-005
0.00401359 2.2092e-005
0.0040216 2.20919e-005
0.00402961 2.20919e-005
0.00403762 2.20918e-005
0.00404563 2.20918e-005
0.00405364 2.20917e-005
0.00406166 2.20917e-005
0.00406967 2.20916e-005
0.00407768 2.20916e-005
0.00408569 2.20916e-005
0.0040937 2.20915e-005
0.00410171 2.20915e-005
0.00410972 2.20914e-005
0.00411773 2.20914e-005
0.00412574 2.20913e-005
0.00413376 2.20913e-005
0.00414177 2.20912e-005
0.00414978 2.20912e-005
0.00415779 2.20912e-005
0.0041658 2.20911e-005
0.00417381 2.20911e-005
0.00418182 2.2091e-005
0.00418983 2.2091e-005
0.00419784 2.20909e-005
0.00420586 2.20909e-005
0.00421387 2.20908e-005
0.00422188 2.20908e-005
0.00422989 2.20908e-005
0.0042379 2.20907e-005
0.00424591 2.20907e-005
0.00425392 2.20906e-005
0.00426193 2.20906e-005
0.00426995 2.20905e-005
0.00427796 2.20905e-005
0.00428597 2.20904e-005
0.00429398 2.20904e-005
0.00430199 2.20903e-005
0.00431 2.20903e-005
0.00431801 2.20902e-005
0.00432602 2.20902e-005
0.00433403 2.20902e-005
0.00434205 2.20901e-005
0.00435006 2.20901e-005
0.00435807 2.209e-005
0.00436608 2.209e-005
0.00437409 2.20899e-005
0.0043821 2.20899e-005
0.00439011 2.20898e-005
0.00439812 2.20898e-005
0.00440613 2.20897e-005
0.00441415 2.20897e-005
0.00442216 2.20896e-005
0.00443017 2.20896e-005
0.00443818 2.20895e-005
0.00444619 2.20895e-005
0.0044542 2.20894e-005
0.00446221 2.20894e-005
0.00447022 2.20893e-005
0.00447824 2.20893e-005
0.00448625 2.20892e-005
0.00449426 2.20892e-005
0.00450227 2.20891e-005
0.00451028 2.20891e-005
0.00451829 2.20891e-005
0.0045263 2.2089e-005
0.00453431 2.2089e-005
0.00454232 2.20889e-005
0.00455034 2.20889e-005
0.00455835 2.20888e-005
0.00456636 2.20888e-005
0.00457437 2.20887e-005
0.00458238 2.20887e-005
0.00459039 2.20886e-005
0.0045984 2.20886e-005
0.00460641 2.20885e-005
0.00461442 2.20885e-005
0.00462244 2.20884e-005
0.00463045 2.20884e-005
0.00463846 2.20883e-005
0.00464647 2.20883e-005
0.00465448 2.20882e-005
0.00466249 2.20882e-005
0.0046705 2.20881e-005
0.00467851 2.20881e-005
0.00468653 2.2088e-005
0.00469454 2.2088e-005
0.00470255 2.20879e-005
0.00471056 2.20879e-005
0.00471857 2.20878e-005
0.00472658 2.20878e-005
0.00473459 2.20877e-005
0.0047426 2.20877e-005
0.00475061 2.20876e-005
0.00475863 2.20875e-005
0.00476664 2.20875e-005
0.00477465 2.20874e-005
0.00478266 2.20874e-005
0.00479067 2.20873e-005
0.00479868 2.20873e-005
0.00480669 2.20872e-005
0.0048147 2.20872e-005
0.00482271 2.20871e-005
0.00483073 2.20871e-005
0.00483874 2.2087e-005
0.00484675 2.2087e-005
0.00485476 2.20869e-005
0.00486277 2.20869e-005
0.00487078 2.20868e-005
0.00487879 2.20868e-005
0.0048868 2.20867e-005
0.00489482 2.20867e-005
0.00490283 2.20866e-005
0.00491084 2.20866e-005
0.00491885 2.20865e-005
0.00492686 2.20864e-005
0.00493487 2.20864e-005
0.00494288 2.20863e-005
0.00495089 2.20863e-005
0.0049589 2.20862e-005
0.00496692 2.20862e-005
0.00497493 2.20861e-005
0.00498294 2.20861e-005
0.00499095 2.2086e-005
0.00499896 2.2086e-005
0.00500697 2.20859e-005
0.00501498 2.20859e-005
0.00502299 2.20858e-005
0.005031 2.20858e-005
0.00503902 2.20857e-005
0.00504703 2.20856e-005
0.00505504 2.20856e-005
0.00506305 2.20855e-005
0.00507106 2.20855e-005
0.00507907 2.20854e-005
0.00508708 2.20854e-005
0.00509509 2.20853e-005
0.00510311 2.20853e-005
0.00511112 2.20852e-005
0.00511913 2.20851e-005
0.00512714 2.20851e-005
0.00513515 2.2085e-005
0.00514316 2.2085e-005
0.00515117 2.20849e-005
0.00515918 2.20849e-005
0.00516719 2.20848e-005
0.00517521 2.20848e-005
0.00518322 2.20847e-005
0.00519123 2.20846e-005
0.00519924 2.20846e-005
0.00520725 2.20845e-005
0.00521526 2.20845e-005
0.00522327 2.20844e-005
0.00523128 2.20844e-005
0.00523929 2.20843e-005
0.00524731 2.20843e-005
0.00525532 2.20842e-005
0.00526333 2.20841e-005
0.00527134 2.20841e-005
0.00527935 2.2084e-005
0.00528736 2.2084e-005
0.00529537 2.20839e-005
0.00530338 2.20839e-005
0.0053114 2.20838e-005
0.00531941 2.20837e-005
0.00532742 2.20837e-005
0.00533543 2.20836e-005
0.00534344 2.20836e-005
0.00535145 2.20835e-005
0.00535946 2.20834e-005
0.00536747 2.20834e-005
0.00537548 2.20833e-005
0.0053835 2.20833e-005
0.00539151 2.20832e-005
0.00539952 2.20832e-005
0.00540753 2.20831e-005
0.00541554 2.2083e-005
0.00542355 2.2083e-005
0.00543156 2.20829e-005
0.00543957 2.20829e-005
0.00544758 2.20828e-005
0.0054556 2.20827e-005
0.00546361 2.20827e-005
0.00547162 2.20826e-005
0.00547963 2.20826e-005
0.00548764 2.20825e-005
0.00549565 2.20825e-005
0.00550366 2.20824e-005
0.00551167 2.20823e-005
0.00551969 2.20823e-005
0.0055277 2.20822e-005
0.00553571 2.20822e-005
0.00554372 2.20821e-005
0.00555173 2.2082e-005
0.00555974 2.2082e-005
0.00556775 2.20819e-005
0.00557576 2.20819e-005
0.00558377 2.20818e-005
0.00559179 2.20817e-005
0.0055998 2.20817e-005
0.00560781 2.20816e-005
0.00561582 2.20816e-005
0.00562383 2.20815e-005
0.00563184 2.20814e-005
0.00563985 2.20814e-005
0.00564786 2.20813e-005
0.00565587 2.20812e-005
0.00566389 2.20812e-005
0.0056719 2.20811e-005
0.00567991 2.20811e-005
0.00568792 2.2081e-005
0.00569593 2.20809e-005
0.00570394 2.20809e-005
0.00571195 2.20808e-005
0.00571996 2.20808e-005
0.00572798 2.20807e-005
0.00573599 2.20806e-005
0.005744 2.20806e-005
0.00575201 2.20805e-005
0.00576002 2.20804e-005
0.00576803 2.20804e-005
0.00577604 2.20803e-005
0.00578405 2.20803e-005
0.00579206 2.20802e-005
0.00580008 2.20801e-005
0.00580809 2.20801e-005
0.0058161 2.208e-005
0.00582411 2.20799e-005
0.00583212 2.20799e-005
0.00584013 2.20798e-005
0.00584814 2.20798e-005
0.00585615 2.20797e-005
0.00586416 2.20796e-005
0.00587218 2.20796e-005
0.00588019 2.20795e-005
0.0058882 2.20794e-005
0.00589621 2.20794e-005
0.00590422 2.20793e-005
0.00591223 2.20792e-005
0.00592024 2.20792e-005
0.00592825 2.20791e-005
0.00593627 2.20791e-005
0.00594428 2.2079e-005
0.00595229 2.20789e-005
0.0059603 2.20789e-005
0.00596831 2.20788e-005
0.00597632 2.20787e-005
0.00598433 2.20787e-005
0.00599234 2.20786e-005
0.00600035 2.20785e-005
0.00600837 2.20785e-005
0.00601638 2.20784e-005
0.00602439 2.20783e-005
0.0060324 2.20783e-005
0.00604041 2.20782e-005
0.00604842 2.20781e-005
0.00605643 2.20781e-005
0.00606444 2.2078e-005
0.00607245 2.2078e-005
0.00608047 2.20779e-005
0.00608848 2.20778e-005
0.00609649 2.20778e-005
0.0061045 2.20777e-005
0.00611251 2.20776e-005
0.00612052 2.20776e-005
0.00612853 2.20775e-005
0.00613654 2.20774e-005
0.00614456 2.20774e-005
0.00615257 2.20773e-005
0.00616058 2.20772e-005
0.00616859 2.20772e-005
0.0061766 2.20771e-005
0.00618461 2.2077e-005
0.00619262 2.2077e-005
0.00620063 2.20769e-005
0.00620864 2.20768e-005
0.00621666 2.20768e-005
0.00622467 2.20767e-005
0.00623268 2.20766e-005
0.00624069 2.20766e-005
0.0062487 2.20765e-005
0.00625671 2.20764e-005
0.00626472 2.20764e-005
0.00627273 2.20763e-005
0.00628074 2.20762e-005
0.00628876 2.20761e-005
0.00629677 2.20761e-005
0.00630478 2.2076e-005
0.00631279 2.20759e-005
0.0063208 2.20759e-005
0.00632881 2.20758e-005
0.00633682 2.20757e-005
0.00634483 2.20757e-005
0.00635285 2.20756e-005
0.00636086 2.20755e-005
0.00636887 2.20755e-005
0.00637688 2.20754e-005
0.00638489 2.20753e-005
0.0063929 2.20753e-005
0.00640091 2.20752e-005
0.00640892 2.20751e-005
0.00641693 2.2075e-005
0.00642495 2.2075e-005
0.00643296 2.20749e-005
0.00644097 2.20748e-005
0.00644898 2.20748e-005
0.00645699 2.20747e-005
0.006465 2.20746e-005
0.00647301 2.20746e-005
0.00648102 2.20745e-005
0.00648903 2.20744e-005
0.00649705 2.20744e-005
0.00650506 2.20743e-005
0.00651307 2.20742e-005
0.00652108 2.20741e-005
0.00652909 2.20741e-005
0.0065371 2.2074e-005
0.00654511 2.20739e-005
0.00655312 2.20739e-005
0.00656114 2.20738e-005
0.00656915 2.20737e-005
0.00657716 2.20736e-005
0.00658517 2.20736e-005
0.00659318 2.20735e-005
0.00660119 2.20734e-005
0.0066092 2.20734e-005
0.00661721 2.20733e-005
0.00662522 2.20732e-005
0.00663324 2.20731e-005
0.00664125 2.20731e-005
0.00664926 2.2073e-005
0.00665727 2.20729e-005
0.00666528 2.20729e-005
0.00667329 2.20728e-005
0.0066813 2.20727e-005
0.00668931 2.20726e-005
0.00669732 2.20726e-005
0.00670534 2.20725e-005
0.00671335 2.20724e-005
0.00672136 2.20724e-005
0.00672937 2.20723e-005
0.00673738 2.20722e-005
0.00674539 2.20721e-005
0.0067534 2.20721e-005
0.00676141 2.2072e-005
0.00676943 2.20719e-005
0.00677744 2.20718e-005
0.00678545 2.20718e-005
0.00679346 2.20717e-005
0.00680147 2.20716e-005
0.00680948 2.20715e-005
0.00681749 2.20715e-005
0.0068255 2.20714e-005
0.00683351 2.20713e-005
0.00684153 2.20713e-005
0.00684954 2.20712e-005
0.00685755 2.20711e-005